63000,臺北市,6300100,松山區,民有里,38059
63000,臺北市,6300100,松山區,龍田里,14421
63000,臺北市,6300100,松山區,中崙里,13681
63000,臺北市,6300100,松山區,民福里,568
63000,臺北市,6300100,松山區,中華里,11173
63000,臺北市,6300100,松山區,松基里,13861
63000,臺北市,6300100,松山區,自強里,2614
63000,臺北市,6300100,松山區,吉仁里,913
63000,臺北市,6300100,松山區,介壽里,4921
63000,臺北市,6300100,松山區,吉祥里,14700
63000,臺北市,6300100,松山區,福成里,13445
63000,臺北市,6300100,松山區,復盛里,12038
63000,臺北市,6300100,松山區,莊敬里,1381
63000,臺北市,6300100,松山區,慈祐里,45109
63000,臺北市,6300100,松山區,敦化里,1841
63000,臺北市,6300100,松山區,精忠里,24735
63000,臺北市,6300100,松山區,富錦里,1244
63000,臺北市,6300100,松山區,新益里,0
63000,臺北市,6300100,松山區,富泰里,0
63000,臺北市,6300100,松山區,東昌里,0
63000,臺北市,6300100,松山區,東勢里,647
63000,臺北市,6300100,松山區,復源里,687
63000,臺北市,6300100,松山區,新聚里,0
63000,臺北市,6300100,松山區,東光里,10754
63000,臺北市,6300100,松山區,復建里,183
63000,臺北市,6300100,松山區,東榮里,3393
63000,臺北市,6300100,松山區,復勢里,4038
63000,臺北市,6300100,松山區,鵬程里,2531
63000,臺北市,6300100,松山區,美仁里,15855
63000,臺北市,6300100,松山區,新東里,3063
63000,臺北市,6300100,松山區,三民里,8030
63000,臺北市,6300100,松山區,安平里,3489
63000,臺北市,6300100,松山區,中正里,116581
63000,臺北市,6300100,松山區,總計,383955
63000,臺北市,6300200,信義區,中行里,107676
63000,臺北市,6300200,信義區,永吉里,85144
63000,臺北市,6300200,信義區,松光里,99115
63000,臺北市,6300200,信義區,國業里,107429
63000,臺北市,6300200,信義區,中坡里,65443
63000,臺北市,6300200,信義區,大道里,99448
63000,臺北市,6300200,信義區,大仁里,55633
63000,臺北市,6300200,信義區,松友里,80641
63000,臺北市,6300200,信義區,新仁里,36795
63000,臺北市,6300200,信義區,四育里,91903
63000,臺北市,6300200,信義區,長春里,73722
63000,臺北市,6300200,信義區,廣居里,116062
63000,臺北市,6300200,信義區,四維里,78341
63000,臺北市,6300200,信義區,松隆里,29750
63000,臺北市,6300200,信義區,雙和里,28436
63000,臺北市,6300200,信義區,黎安里,30284
63000,臺北市,6300200,信義區,六合里,4280
63000,臺北市,6300200,信義區,景聯里,3996
63000,臺北市,6300200,信義區,雅祥里,69479
63000,臺北市,6300200,信義區,嘉興里,1389
63000,臺北市,6300200,信義區,黎平里,89214
63000,臺北市,6300200,信義區,中興里,3008
63000,臺北市,6300200,信義區,黎忠里,71546
63000,臺北市,6300200,信義區,景勤里,5488
63000,臺北市,6300200,信義區,泰和里,521
63000,臺北市,6300200,信義區,正和里,1069
63000,臺北市,6300200,信義區,惠安里,928
63000,臺北市,6300200,信義區,景新里,3036
63000,臺北市,6300200,信義區,西村里,181597
63000,臺北市,6300200,信義區,興隆里,22137
63000,臺北市,6300200,信義區,黎順里,23179
63000,臺北市,6300200,信義區,三張里,14258
63000,臺北市,6300200,信義區,六藝里,50068
63000,臺北市,6300200,信義區,五常里,58277
63000,臺北市,6300200,信義區,三犁里,36551
63000,臺北市,6300200,信義區,敦厚里,94723
63000,臺北市,6300200,信義區,富台里,81978
63000,臺北市,6300200,信義區,興雅里,146285
63000,臺北市,6300200,信義區,五全里,90443
63000,臺北市,6300200,信義區,永春里,104813
63000,臺北市,6300200,信義區,安康里,230430
63000,臺北市,6300200,信義區,總計,2574515
63000,臺北市,6300300,大安區,臥龍里,30938
63000,臺北市,6300300,大安區,和安里,38152
63000,臺北市,6300300,大安區,義村里,37414
63000,臺北市,6300300,大安區,錦安里,11604
63000,臺北市,6300300,大安區,古莊里,6366
63000,臺北市,6300300,大安區,龍門里,19724
63000,臺北市,6300300,大安區,敦安里,16661
63000,臺北市,6300300,大安區,龍安里,3533
63000,臺北市,6300300,大安區,黎元里,77479
63000,臺北市,6300300,大安區,龍坡里,3909
63000,臺北市,6300300,大安區,仁慈里,21344
63000,臺北市,6300300,大安區,義安里,10298
63000,臺北市,6300300,大安區,全安里,28808
63000,臺北市,6300300,大安區,龍圖里,5947
63000,臺北市,6300300,大安區,永康里,4623
63000,臺北市,6300300,大安區,龍泉里,12666
63000,臺北市,6300300,大安區,仁愛里,13231
63000,臺北市,6300300,大安區,芳和里,71229
63000,臺北市,6300300,大安區,大學里,8610
63000,臺北市,6300300,大安區,華聲里,6457
63000,臺北市,6300300,大安區,住安里,4659
63000,臺北市,6300300,大安區,群賢里,2608
63000,臺北市,6300300,大安區,通安里,495
63000,臺北市,6300300,大安區,龍生里,1195
63000,臺北市,6300300,大安區,誠安里,1132
63000,臺北市,6300300,大安區,龍雲里,3935
63000,臺北市,6300300,大安區,正聲里,4876
63000,臺北市,6300300,大安區,錦華里,216
63000,臺北市,6300300,大安區,錦泰里,4412
63000,臺北市,6300300,大安區,群英里,0
63000,臺北市,6300300,大安區,昌隆里,0
63000,臺北市,6300300,大安區,臨江里,0
63000,臺北市,6300300,大安區,黎孝里,130730
63000,臺北市,6300300,大安區,通化里,223
63000,臺北市,6300300,大安區,法治里,670
63000,臺北市,6300300,大安區,虎嘯里,9105
63000,臺北市,6300300,大安區,光信里,436
63000,臺北市,6300300,大安區,龍陣里,1939
63000,臺北市,6300300,大安區,古風里,2154
63000,臺北市,6300300,大安區,建倫里,15250
63000,臺北市,6300300,大安區,敦煌里,5548
63000,臺北市,6300300,大安區,新龍里,3102
63000,臺北市,6300300,大安區,光明里,16077
63000,臺北市,6300300,大安區,福住里,2449
63000,臺北市,6300300,大安區,龍淵里,5175
63000,臺北市,6300300,大安區,車層里,1566
63000,臺北市,6300300,大安區,建安里,10088
63000,臺北市,6300300,大安區,光武里,23116
63000,臺北市,6300300,大安區,黎和里,69727
63000,臺北市,6300300,大安區,民輝里,21793
63000,臺北市,6300300,大安區,德安里,10563
63000,臺北市,6300300,大安區,民炤里,14132
63000,臺北市,6300300,大安區,學府里,231816
63000,臺北市,6300300,大安區,總計,1028180
63000,臺北市,6300400,中山區,劍潭里,37777
63000,臺北市,6300400,中山區,金泰里,37294
63000,臺北市,6300400,中山區,集英里,196171
63000,臺北市,6300400,中山區,中山里,46435
63000,臺北市,6300400,中山區,晴光里,13758
63000,臺北市,6300400,中山區,康樂里,44738
63000,臺北市,6300400,中山區,埤頭里,14117
63000,臺北市,6300400,中山區,行孝里,9113
63000,臺北市,6300400,中山區,中原里,4863
63000,臺北市,6300400,中山區,江寧里,10601
63000,臺北市,6300400,中山區,永安里,6005
63000,臺北市,6300400,中山區,興亞里,9505
63000,臺北市,6300400,中山區,正義里,2812
63000,臺北市,6300400,中山區,正得里,8157
63000,臺北市,6300400,中山區,朱馥里,11808
63000,臺北市,6300400,中山區,北安里,584
63000,臺北市,6300400,中山區,大佳里,305
63000,臺北市,6300400,中山區,朱崙里,1603
63000,臺北市,6300400,中山區,新喜里,0
63000,臺北市,6300400,中山區,正守里,0
63000,臺北市,6300400,中山區,龍洲里,0
63000,臺北市,6300400,中山區,行政里,1637
63000,臺北市,6300400,中山區,行仁里,1262
63000,臺北市,6300400,中山區,力行里,7747
63000,臺北市,6300400,中山區,江山里,4659
63000,臺北市,6300400,中山區,新福里,7535
63000,臺北市,6300400,中山區,聚盛里,12692
63000,臺北市,6300400,中山區,新生里,4947
63000,臺北市,6300400,中山區,松江里,8009
63000,臺北市,6300400,中山區,朱園里,26038
63000,臺北市,6300400,中山區,中庄里,5223
63000,臺北市,6300400,中山區,中吉里,16814
63000,臺北市,6300400,中山區,下埤里,6502
63000,臺北市,6300400,中山區,聚葉里,13692
63000,臺北市,6300400,中山區,大直里,14827
63000,臺北市,6300400,中山區,恆安里,8817
63000,臺北市,6300400,中山區,民安里,32167
63000,臺北市,6300400,中山區,中央里,36119
63000,臺北市,6300400,中山區,新庄里,23293
63000,臺北市,6300400,中山區,復華里,34423
63000,臺北市,6300400,中山區,圓山里,47095
63000,臺北市,6300400,中山區,成功里,39870
63000,臺北市,6300400,中山區,總計,809014
63000,臺北市,6300500,中正區,水源里,96375
63000,臺北市,6300500,中正區,黎明里,360026
63000,臺北市,6300500,中正區,建國里,142829
63000,臺北市,6300500,中正區,光復里,172057
63000,臺北市,6300500,中正區,林興里,76909
63000,臺北市,6300500,中正區,東門里,137344
63000,臺北市,6300500,中正區,愛國里,51367
63000,臺北市,6300500,中正區,南福里,136256
63000,臺北市,6300500,中正區,南門里,59463
63000,臺北市,6300500,中正區,龍光里,40612
63000,臺北市,6300500,中正區,文盛里,83718
63000,臺北市,6300500,中正區,龍福里,111599
63000,臺北市,6300500,中正區,頂東里,98806
63000,臺北市,6300500,中正區,螢圃里,78032
63000,臺北市,6300500,中正區,板溪里,65088
63000,臺北市,6300500,中正區,梅花里,15016
63000,臺北市,6300500,中正區,永功里,81349
63000,臺北市,6300500,中正區,網溪里,79594
63000,臺北市,6300500,中正區,龍興里,43036
63000,臺北市,6300500,中正區,螢雪里,73030
63000,臺北市,6300500,中正區,永昌里,70206
63000,臺北市,6300500,中正區,文北里,0
63000,臺北市,6300500,中正區,文祥里,0
63000,臺北市,6300500,中正區,三愛里,827
63000,臺北市,6300500,中正區,忠勤里,92948
63000,臺北市,6300500,中正區,廈安里,45067
63000,臺北市,6300500,中正區,河堤里,69109
63000,臺北市,6300500,中正區,幸市里,3612
63000,臺北市,6300500,中正區,新營里,5346
63000,臺北市,6300500,中正區,富水里,67142
63000,臺北市,6300500,中正區,幸福里,61319
63000,臺北市,6300500,中正區,總計,2418082
63000,臺北市,6300600,大同區,玉泉里,69586
63000,臺北市,6300600,大同區,永樂里,115181
63000,臺北市,6300600,大同區,星明里,112862
63000,臺北市,6300600,大同區,民權里,56922
63000,臺北市,6300600,大同區,老師里,94657
63000,臺北市,6300600,大同區,建功里,73280
63000,臺北市,6300600,大同區,保安里,44258
63000,臺北市,6300600,大同區,建泰里,79470
63000,臺北市,6300600,大同區,南芳里,4811
63000,臺北市,6300600,大同區,至聖里,88377
63000,臺北市,6300600,大同區,重慶里,90103
63000,臺北市,6300600,大同區,雙連里,7153
63000,臺北市,6300600,大同區,國順里,22976
63000,臺北市,6300600,大同區,延平里,2163
63000,臺北市,6300600,大同區,斯文里,33697
63000,臺北市,6300600,大同區,景星里,36975
63000,臺北市,6300600,大同區,國慶里,26748
63000,臺北市,6300600,大同區,朝陽里,2790
63000,臺北市,6300600,大同區,揚雅里,0
63000,臺北市,6300600,大同區,鄰江里,31933
63000,臺北市,6300600,大同區,大有里,80319
63000,臺北市,6300600,大同區,隆和里,15326
63000,臺北市,6300600,大同區,光能里,6527
63000,臺北市,6300600,大同區,蓬萊里,48506
63000,臺北市,6300600,大同區,建明里,180714
63000,臺北市,6300600,大同區,總計,1325334
63000,臺北市,6300700,萬華區,柳鄉里,72122
63000,臺北市,6300700,萬華區,騰雲里,60832
63000,臺北市,6300700,萬華區,日善里,58023
63000,臺北市,6300700,萬華區,富民里,103981
63000,臺北市,6300700,萬華區,忠貞里,55444
63000,臺北市,6300700,萬華區,頂碩里,106745
63000,臺北市,6300700,萬華區,和平里,102868
63000,臺北市,6300700,萬華區,全德里,54451
63000,臺北市,6300700,萬華區,糖廍里,87890
63000,臺北市,6300700,萬華區,菜園里,98097
63000,臺北市,6300700,萬華區,西門里,188639
63000,臺北市,6300700,萬華區,保德里,38507
63000,臺北市,6300700,萬華區,雙園里,66488
63000,臺北市,6300700,萬華區,壽德里,70945
63000,臺北市,6300700,萬華區,新起里,132274
63000,臺北市,6300700,萬華區,凌霄里,49237
63000,臺北市,6300700,萬華區,新忠里,42966
63000,臺北市,6300700,萬華區,福音里,64524
63000,臺北市,6300700,萬華區,榮德里,49676
63000,臺北市,6300700,萬華區,綠堤里,59272
63000,臺北市,6300700,萬華區,日祥里,78443
63000,臺北市,6300700,萬華區,銘德里,62097
63000,臺北市,6300700,萬華區,孝德里,39352
63000,臺北市,6300700,萬華區,福星里,126453
63000,臺北市,6300700,萬華區,錦德里,82673
63000,臺北市,6300700,萬華區,忠德里,69076
63000,臺北市,6300700,萬華區,富福里,69032
63000,臺北市,6300700,萬華區,華中里,89399
63000,臺北市,6300700,萬華區,和德里,111728
63000,臺北市,6300700,萬華區,華江里,136491
63000,臺北市,6300700,萬華區,興德里,115533
63000,臺北市,6300700,萬華區,仁德里,84765
63000,臺北市,6300700,萬華區,新和里,127826
63000,臺北市,6300700,萬華區,萬壽里,172720
63000,臺北市,6300700,萬華區,新安里,72713
63000,臺北市,6300700,萬華區,青山里,301854
63000,臺北市,6300700,萬華區,總計,3303136
63000,臺北市,6300800,文山區,萬興里,272967
63000,臺北市,6300800,文山區,樟新里,84279
63000,臺北市,6300800,文山區,興豐里,61646
63000,臺北市,6300800,文山區,樟腳里,85478
63000,臺北市,6300800,文山區,萬年里,113412
63000,臺北市,6300800,文山區,博嘉里,118605
63000,臺北市,6300800,文山區,華興里,141188
63000,臺北市,6300800,文山區,景華里,75418
63000,臺北市,6300800,文山區,興家里,103221
63000,臺北市,6300800,文山區,明興里,130145
63000,臺北市,6300800,文山區,景仁里,70768
63000,臺北市,6300800,文山區,興業里,84431
63000,臺北市,6300800,文山區,老泉里,11565
63000,臺北市,6300800,文山區,試院里,115318
63000,臺北市,6300800,文山區,政大里,100625
63000,臺北市,6300800,文山區,樟文里,97803
63000,臺北市,6300800,文山區,興邦里,67903
63000,臺北市,6300800,文山區,樟樹里,69613
63000,臺北市,6300800,文山區,忠順里,64385
63000,臺北市,6300800,文山區,明義里,72426
63000,臺北市,6300800,文山區,興安里,101349
63000,臺北市,6300800,文山區,木新里,138513
63000,臺北市,6300800,文山區,興得里,110027
63000,臺北市,6300800,文山區,樟林里,113977
63000,臺北市,6300800,文山區,興昌里,115954
63000,臺北市,6300800,文山區,景慶里,81342
63000,臺北市,6300800,文山區,木柵里,142825
63000,臺北市,6300800,文山區,萬盛里,71878
63000,臺北市,6300800,文山區,指南里,38545
63000,臺北市,6300800,文山區,萬祥里,64406
63000,臺北市,6300800,文山區,萬芳里,108742
63000,臺北市,6300800,文山區,順興里,97598
63000,臺北市,6300800,文山區,景美里,73594
63000,臺北市,6300800,文山區,興泰里,64761
63000,臺北市,6300800,文山區,景行里,137658
63000,臺北市,6300800,文山區,萬隆里,92628
63000,臺北市,6300800,文山區,興福里,77425
63000,臺北市,6300800,文山區,萬有里,70419
63000,臺北市,6300800,文山區,萬美里,111565
63000,臺北市,6300800,文山區,萬和里,26744
63000,臺北市,6300800,文山區,興旺里,103346
63000,臺北市,6300800,文山區,興光里,124109
63000,臺北市,6300800,文山區,景東里,93283
63000,臺北市,6300800,文山區,總計,4101884
63000,臺北市,6300900,南港區,東新里,103362
63000,臺北市,6300900,南港區,中研里,172296
63000,臺北市,6300900,南港區,新光里,95839
63000,臺北市,6300900,南港區,合成里,116840
63000,臺北市,6300900,南港區,玉成里,88637
63000,臺北市,6300900,南港區,仁福里,78422
63000,臺北市,6300900,南港區,百福里,60802
63000,臺北市,6300900,南港區,東明里,84654
63000,臺北市,6300900,南港區,九如里,87049
63000,臺北市,6300900,南港區,萬福里,80158
63000,臺北市,6300900,南港區,鴻福里,64681
63000,臺北市,6300900,南港區,西新里,104049
63000,臺北市,6300900,南港區,聯成里,68594
63000,臺北市,6300900,南港區,南港里,99383
63000,臺北市,6300900,南港區,中南里,51934
63000,臺北市,6300900,南港區,新富里,53630
63000,臺北市,6300900,南港區,舊莊里,113679
63000,臺北市,6300900,南港區,成福里,91860
63000,臺北市,6300900,南港區,重陽里,74361
63000,臺北市,6300900,南港區,三重里,117407
63000,臺北市,6300900,南港區,總計,1807637
63000,臺北市,6301000,內湖區,湖興里,113890
63000,臺北市,6301000,內湖區,葫洲里,112928
63000,臺北市,6301000,內湖區,蘆洲里,87933
63000,臺北市,6301000,內湖區,樂康里,105609
63000,臺北市,6301000,內湖區,秀湖里,109177
63000,臺北市,6301000,內湖區,湖濱里,129233
63000,臺北市,6301000,內湖區,瑞光里,61390
63000,臺北市,6301000,內湖區,東湖里,112862
63000,臺北市,6301000,內湖區,內湖里,130462
63000,臺北市,6301000,內湖區,港都里,74785
63000,臺北市,6301000,內湖區,寶湖里,217347
63000,臺北市,6301000,內湖區,南湖里,86485
63000,臺北市,6301000,內湖區,明湖里,67670
63000,臺北市,6301000,內湖區,金龍里,82108
63000,臺北市,6301000,內湖區,安湖里,104035
63000,臺北市,6301000,內湖區,瑞陽里,123435
63000,臺北市,6301000,內湖區,紫星里,133563
63000,臺北市,6301000,內湖區,紫雲里,81426
63000,臺北市,6301000,內湖區,紫陽里,121008
63000,臺北市,6301000,內湖區,五分里,128134
63000,臺北市,6301000,內湖區,麗山里,97206
63000,臺北市,6301000,內湖區,碧山里,84894
63000,臺北市,6301000,內湖區,內溝里,49948
63000,臺北市,6301000,內湖區,行善里,92566
63000,臺北市,6301000,內湖區,大湖里,81899
63000,臺北市,6301000,內湖區,西安里,101542
63000,臺北市,6301000,內湖區,清白里,131997
63000,臺北市,6301000,內湖區,金瑞里,85726
63000,臺北市,6301000,內湖區,康寧里,118326
63000,臺北市,6301000,內湖區,安泰里,58857
63000,臺北市,6301000,內湖區,西湖里,216801
63000,臺北市,6301000,內湖區,港華里,116417
63000,臺北市,6301000,內湖區,港富里,160134
63000,臺北市,6301000,內湖區,金湖里,174825
63000,臺北市,6301000,內湖區,港墘里,232231
63000,臺北市,6301000,內湖區,石潭里,68892
63000,臺北市,6301000,內湖區,西康里,201296
63000,臺北市,6301000,內湖區,週美里,121432
63000,臺北市,6301000,內湖區,湖元里,317853
63000,臺北市,6301000,內湖區,總計,4696322
63000,臺北市,6301100,士林區,福佳里,175627
63000,臺北市,6301100,士林區,義信里,78706
63000,臺北市,6301100,士林區,臨溪里,107920
63000,臺北市,6301100,士林區,後港里,125111
63000,臺北市,6301100,士林區,福志里,117142
63000,臺北市,6301100,士林區,永倫里,3049
63000,臺北市,6301100,士林區,東山里,98225
63000,臺北市,6301100,士林區,仁勇里,102729
63000,臺北市,6301100,士林區,永福里,53716
63000,臺北市,6301100,士林區,公館里,25644
63000,臺北市,6301100,士林區,福德里,111412
63000,臺北市,6301100,士林區,舊佳里,97027
63000,臺北市,6301100,士林區,福林里,123964
63000,臺北市,6301100,士林區,天福里,124152
63000,臺北市,6301100,士林區,名山里,120692
63000,臺北市,6301100,士林區,百齡里,92672
63000,臺北市,6301100,士林區,蘭雅里,156762
63000,臺北市,6301100,士林區,新安里,51962
63000,臺北市,6301100,士林區,岩山里,78854
63000,臺北市,6301100,士林區,翠山里,38250
63000,臺北市,6301100,士林區,前港里,86712
63000,臺北市,6301100,士林區,天和里,112275
63000,臺北市,6301100,士林區,聖山里,80005
63000,臺北市,6301100,士林區,富光里,1207
63000,臺北市,6301100,士林區,福順里,1184
63000,臺北市,6301100,士林區,溪山里,2729
63000,臺北市,6301100,士林區,社新里,34
63000,臺北市,6301100,士林區,社園里,0
63000,臺北市,6301100,士林區,葫東里,79
63000,臺北市,6301100,士林區,平等里,0
63000,臺北市,6301100,士林區,葫蘆里,486
63000,臺北市,6301100,士林區,富洲里,4616
63000,臺北市,6301100,士林區,福安里,2197
63000,臺北市,6301100,士林區,社子里,487
63000,臺北市,6301100,士林區,天母里,152215
63000,臺北市,6301100,士林區,菁山里,12894
63000,臺北市,6301100,士林區,福中里,98222
63000,臺北市,6301100,士林區,天壽里,96411
63000,臺北市,6301100,士林區,天玉里,163746
63000,臺北市,6301100,士林區,忠誠里,96891
63000,臺北市,6301100,士林區,天山里,127341
63000,臺北市,6301100,士林區,德行里,98834
63000,臺北市,6301100,士林區,福華里,87621
63000,臺北市,6301100,士林區,承德里,97703
63000,臺北市,6301100,士林區,明勝里,65754
63000,臺北市,6301100,士林區,天祿里,99215
63000,臺北市,6301100,士林區,蘭興里,122508
63000,臺北市,6301100,士林區,芝山里,128599
63000,臺北市,6301100,士林區,德華里,99572
63000,臺北市,6301100,士林區,陽明里,184778
63000,臺北市,6301100,士林區,三玉里,143461
63000,臺北市,6301100,士林區,總計,4051392
63000,臺北市,6301200,北投區,東華里,37852
63000,臺北市,6301200,北投區,洲美里,22131
63000,臺北市,6301200,北投區,文化里,2968
63000,臺北市,6301200,北投區,溫泉里,11547
63000,臺北市,6301200,北投區,關渡里,20973
63000,臺北市,6301200,北投區,榮華里,28162
63000,臺北市,6301200,北投區,湖山里,32126
63000,臺北市,6301200,北投區,永明里,28788
63000,臺北市,6301200,北投區,林泉里,50837
63000,臺北市,6301200,北投區,大同里,9923
63000,臺北市,6301200,北投區,長安里,16193
63000,臺北市,6301200,北投區,開明里,5631
63000,臺北市,6301200,北投區,桃源里,8884
63000,臺北市,6301200,北投區,中心里,17026
63000,臺北市,6301200,北投區,吉利里,7988
63000,臺北市,6301200,北投區,振華里,13264
63000,臺北市,6301200,北投區,稻香里,1128
63000,臺北市,6301200,北投區,永和里,1303
63000,臺北市,6301200,北投區,清江里,328
63000,臺北市,6301200,北投區,中庸里,215
63000,臺北市,6301200,北投區,豐年里,0
63000,臺北市,6301200,北投區,中和里,0
63000,臺北市,6301200,北投區,智仁里,0
63000,臺北市,6301200,北投區,裕民里,0
63000,臺北市,6301200,北投區,文林里,0
63000,臺北市,6301200,北投區,榮光里,17
63000,臺北市,6301200,北投區,吉慶里,0
63000,臺北市,6301200,北投區,尊賢里,0
63000,臺北市,6301200,北投區,奇岩里,1743
63000,臺北市,6301200,北投區,大屯里,0
63000,臺北市,6301200,北投區,秀山里,572
63000,臺北市,6301200,北投區,中央里,17
63000,臺北市,6301200,北投區,八仙里,18938
63000,臺北市,6301200,北投區,石牌里,605
63000,臺北市,6301200,北投區,泉源里,1725
63000,臺北市,6301200,北投區,立農里,861
63000,臺北市,6301200,北投區,福興里,1800
63000,臺北市,6301200,北投區,立賢里,1568
63000,臺北市,6301200,北投區,建民里,6387
63000,臺北市,6301200,北投區,一德里,53082
63000,臺北市,6301200,北投區,湖田里,13885
63000,臺北市,6301200,北投區,永欣里,116454
63000,臺北市,6301200,北投區,總計,534921
10001,新北市,1000101,板橋區,華東里,31161
10001,新北市,1000101,板橋區,福星里,4992
10001,新北市,1000101,板橋區,浮洲里,81776
10001,新北市,1000101,板橋區,福丘里,24613
10001,新北市,1000101,板橋區,吉翠里,11281
10001,新北市,1000101,板橋區,景星里,7640
10001,新北市,1000101,板橋區,僑中里,53101
10001,新北市,1000101,板橋區,流芳里,35671
10001,新北市,1000101,板橋區,廣福里,6394
10001,新北市,1000101,板橋區,華中里,81394
10001,新北市,1000101,板橋區,鄉雲里,9447
10001,新北市,1000101,板橋區,重慶里,4801
10001,新北市,1000101,板橋區,大觀里,52906
10001,新北市,1000101,板橋區,新海里,48362
10001,新北市,1000101,板橋區,大安里,58776
10001,新北市,1000101,板橋區,聚安里,74141
10001,新北市,1000101,板橋區,文德里,52135
10001,新北市,1000101,板橋區,居仁里,48184
10001,新北市,1000101,板橋區,留侯里,23825
10001,新北市,1000101,板橋區,民生里,40155
10001,新北市,1000101,板橋區,歡園里,15098
10001,新北市,1000101,板橋區,龍安里,41625
10001,新北市,1000101,板橋區,德翠里,108522
10001,新北市,1000101,板橋區,民安里,32188
10001,新北市,1000101,板橋區,陽明里,439
10001,新北市,1000101,板橋區,福安里,45501
10001,新北市,1000101,板橋區,公館里,29729
10001,新北市,1000101,板橋區,華翠里,2212
10001,新北市,1000101,板橋區,港尾里,44001
10001,新北市,1000101,板橋區,和平里,49
10001,新北市,1000101,板橋區,忠翠里,2927
10001,新北市,1000101,板橋區,民權里,39635
10001,新北市,1000101,板橋區,介壽里,1035
10001,新北市,1000101,板橋區,中山里,53687
10001,新北市,1000101,板橋區,長安里,73660
10001,新北市,1000101,板橋區,埔墘里,63060
10001,新北市,1000101,板橋區,港德里,73476
10001,新北市,1000101,板橋區,百壽里,2051
10001,新北市,1000101,板橋區,五權里,1947
10001,新北市,1000101,板橋區,柏翠里,2053
10001,新北市,1000101,板橋區,新埔里,244
10001,新北市,1000101,板橋區,華江里,85
10001,新北市,1000101,板橋區,溪福里,3424
10001,新北市,1000101,板橋區,福壽里,57008
10001,新北市,1000101,板橋區,玉光里,666
10001,新北市,1000101,板橋區,華德里,827
10001,新北市,1000101,板橋區,國泰里,1153
10001,新北市,1000101,板橋區,東安里,29423
10001,新北市,1000101,板橋區,新生里,57249
10001,新北市,1000101,板橋區,港嘴里,1182
10001,新北市,1000101,板橋區,建國里,52952
10001,新北市,1000101,板橋區,崑崙里,3587
10001,新北市,1000101,板橋區,福祿里,2924
10001,新北市,1000101,板橋區,東丘里,80537
10001,新北市,1000101,板橋區,龍翠里,597
10001,新北市,1000101,板橋區,文翠里,1092
10001,新北市,1000101,板橋區,莊敬里,44
10001,新北市,1000101,板橋區,海山里,111837
10001,新北市,1000101,板橋區,溪頭里,17
10001,新北市,1000101,板橋區,溪北里,9
10001,新北市,1000101,板橋區,振義里,11
10001,新北市,1000101,板橋區,福翠里,180
10001,新北市,1000101,板橋區,松翠里,5
10001,新北市,1000101,板橋區,金華里,53324
10001,新北市,1000101,板橋區,仁愛里,5344
10001,新北市,1000101,板橋區,溪洲里,67
10001,新北市,1000101,板橋區,純翠里,81
10001,新北市,1000101,板橋區,嵐翠里,0
10001,新北市,1000101,板橋區,青翠里,136
10001,新北市,1000101,板橋區,懷翠里,0
10001,新北市,1000101,板橋區,振興里,0
10001,新北市,1000101,板橋區,香丘里,365
10001,新北市,1000101,板橋區,永安里,0
10001,新北市,1000101,板橋區,雙玉里,0
10001,新北市,1000101,板橋區,聯翠里,0
10001,新北市,1000101,板橋區,滿翠里,0
10001,新北市,1000101,板橋區,大豐里,0
10001,新北市,1000101,板橋區,福德里,0
10001,新北市,1000101,板橋區,華興里,0
10001,新北市,1000101,板橋區,華貴里,0
10001,新北市,1000101,板橋區,文聖里,0
10001,新北市,1000101,板橋區,華福里,0
10001,新北市,1000101,板橋區,宏翠里,8
10001,新北市,1000101,板橋區,廣德里,285
10001,新北市,1000101,板橋區,埤墘里,71
10001,新北市,1000101,板橋區,西安里,775
10001,新北市,1000101,板橋區,信義里,606
10001,新北市,1000101,板橋區,廣新里,184
10001,新北市,1000101,板橋區,松柏里,375
10001,新北市,1000101,板橋區,江翠里,501
10001,新北市,1000101,板橋區,九如里,54373
10001,新北市,1000101,板橋區,成和里,347
10001,新北市,1000101,板橋區,莒光里,2877
10001,新北市,1000101,板橋區,正泰里,46241
10001,新北市,1000101,板橋區,光復里,49148
10001,新北市,1000101,板橋區,國光里,69739
10001,新北市,1000101,板橋區,新民里,6490
10001,新北市,1000101,板橋區,明翠里,875
10001,新北市,1000101,板橋區,長壽里,45129
10001,新北市,1000101,板橋區,後埔里,1145
10001,新北市,1000101,板橋區,光仁里,3964
10001,新北市,1000101,板橋區,忠誠里,8815
10001,新北市,1000101,板橋區,堂春里,2569
10001,新北市,1000101,板橋區,黃石里,24021
10001,新北市,1000101,板橋區,赤松里,19893
10001,新北市,1000101,板橋區,仁翠里,19747
10001,新北市,1000101,板橋區,挹秀里,60785
10001,新北市,1000101,板橋區,富貴里,48240
10001,新北市,1000101,板橋區,民族里,55109
10001,新北市,1000101,板橋區,文化里,4036
10001,新北市,1000101,板橋區,漢生里,75560
10001,新北市,1000101,板橋區,新翠里,121786
10001,新北市,1000101,板橋區,幸福里,69356
10001,新北市,1000101,板橋區,深丘里,138754
10001,新北市,1000101,板橋區,新興里,74719
10001,新北市,1000101,板橋區,中正里,66155
10001,新北市,1000101,板橋區,光榮里,36372
10001,新北市,1000101,板橋區,光華里,44471
10001,新北市,1000101,板橋區,湳興里,92136
10001,新北市,1000101,板橋區,香社里,63054
10001,新北市,1000101,板橋區,香雅里,41095
10001,新北市,1000101,板橋區,自立里,39679
10001,新北市,1000101,板橋區,復興里,40917
10001,新北市,1000101,板橋區,自強里,80346
10001,新北市,1000101,板橋區,朝陽里,54831
10001,新北市,1000101,板橋區,社後里,95977
10001,新北市,1000101,板橋區,總計,3509576
10001,新北市,1000102,三重區,三安里,59651
10001,新北市,1000102,三重區,永順里,66104
10001,新北市,1000102,三重區,中山里,7162
10001,新北市,1000102,三重區,奕壽里,38466
10001,新北市,1000102,三重區,大有里,5070
10001,新北市,1000102,三重區,永清里,82446
10001,新北市,1000102,三重區,溪美里,142040
10001,新北市,1000102,三重區,福隆里,99397
10001,新北市,1000102,三重區,文化里,55468
10001,新北市,1000102,三重區,維德里,42262
10001,新北市,1000102,三重區,慈愛里,53150
10001,新北市,1000102,三重區,慈惠里,36135
10001,新北市,1000102,三重區,光華里,36877
10001,新北市,1000102,三重區,永豐里,79842
10001,新北市,1000102,三重區,福樂里,59072
10001,新北市,1000102,三重區,尚德里,51476
10001,新北市,1000102,三重區,錦安里,36301
10001,新北市,1000102,三重區,永德里,79500
10001,新北市,1000102,三重區,過田里,2661
10001,新北市,1000102,三重區,光正里,9
10001,新北市,1000102,三重區,仁華里,74179
10001,新北市,1000102,三重區,慈生里,39450
10001,新北市,1000102,三重區,永吉里,41771
10001,新北市,1000102,三重區,長安里,49493
10001,新北市,1000102,三重區,永安里,62359
10001,新北市,1000102,三重區,中央里,43316
10001,新北市,1000102,三重區,五谷里,1717
10001,新北市,1000102,三重區,福祉里,2473
10001,新北市,1000102,三重區,慈化里,39437
10001,新北市,1000102,三重區,永盛里,57256
10001,新北市,1000102,三重區,永煇里,39776
10001,新北市,1000102,三重區,錦通里,29356
10001,新北市,1000102,三重區,雙園里,22663
10001,新北市,1000102,三重區,慈祐里,78430
10001,新北市,1000102,三重區,福田里,1439
10001,新北市,1000102,三重區,長泰里,42211
10001,新北市,1000102,三重區,光明里,5318
10001,新北市,1000102,三重區,仁德里,33
10001,新北市,1000102,三重區,德厚里,1674
10001,新北市,1000102,三重區,頂崁里,749
10001,新北市,1000102,三重區,永福里,85808
10001,新北市,1000102,三重區,慈福里,40641
10001,新北市,1000102,三重區,大德里,16643
10001,新北市,1000102,三重區,忠孝里,659
10001,新北市,1000102,三重區,開元里,20320
10001,新北市,1000102,三重區,國隆里,33
10001,新北市,1000102,三重區,二重里,4893
10001,新北市,1000102,三重區,萬壽里,33829
10001,新北市,1000102,三重區,福民里,2473
10001,新北市,1000102,三重區,中興里,48483
10001,新北市,1000102,三重區,清和里,242
10001,新北市,1000102,三重區,信安里,36119
10001,新北市,1000102,三重區,光榮里,1060
10001,新北市,1000102,三重區,三民里,6
10001,新北市,1000102,三重區,民生里,3358
10001,新北市,1000102,三重區,仁義里,68
10001,新北市,1000102,三重區,光輝里,0
10001,新北市,1000102,三重區,福星里,298
10001,新北市,1000102,三重區,同安里,0
10001,新北市,1000102,三重區,同慶里,0
10001,新北市,1000102,三重區,菜寮里,0
10001,新北市,1000102,三重區,永春里,0
10001,新北市,1000102,三重區,中正里,0
10001,新北市,1000102,三重區,吉利里,0
10001,新北市,1000102,三重區,大同里,0
10001,新北市,1000102,三重區,中民里,0
10001,新北市,1000102,三重區,平和里,0
10001,新北市,1000102,三重區,大安里,0
10001,新北市,1000102,三重區,田中里,73
10001,新北市,1000102,三重區,田安里,0
10001,新北市,1000102,三重區,錦田里,0
10001,新北市,1000102,三重區,重明里,19
10001,新北市,1000102,三重區,光田里,0
10001,新北市,1000102,三重區,光陽里,0
10001,新北市,1000102,三重區,田心里,0
10001,新北市,1000102,三重區,谷王里,1207
10001,新北市,1000102,三重區,重新里,0
10001,新北市,1000102,三重區,博愛里,0
10001,新北市,1000102,三重區,福德里,0
10001,新北市,1000102,三重區,成功里,1130
10001,新北市,1000102,三重區,重陽里,2170
10001,新北市,1000102,三重區,仁忠里,47619
10001,新北市,1000102,三重區,富華里,53426
10001,新北市,1000102,三重區,福利里,995
10001,新北市,1000102,三重區,大園里,3664
10001,新北市,1000102,三重區,培德里,68969
10001,新北市,1000102,三重區,長元里,47656
10001,新北市,1000102,三重區,長生里,21132
10001,新北市,1000102,三重區,厚德里,57387
10001,新北市,1000102,三重區,介壽里,22264
10001,新北市,1000102,三重區,永興里,858
10001,新北市,1000102,三重區,錦江里,34541
10001,新北市,1000102,三重區,承德里,32763
10001,新北市,1000102,三重區,長福里,24677
10001,新北市,1000102,三重區,秀江里,22980
10001,新北市,1000102,三重區,富福里,37033
10001,新北市,1000102,三重區,五順里,63895
10001,新北市,1000102,三重區,幸福里,91569
10001,新北市,1000102,三重區,正德里,5434
10001,新北市,1000102,三重區,順德里,38030
10001,新北市,1000102,三重區,自強里,33598
10001,新北市,1000102,三重區,龍門里,41152
10001,新北市,1000102,三重區,崇德里,67568
10001,新北市,1000102,三重區,瑞德里,47798
10001,新北市,1000102,三重區,立德里,66294
10001,新北市,1000102,三重區,六合里,67770
10001,新北市,1000102,三重區,正安里,42519
10001,新北市,1000102,三重區,安慶里,36943
10001,新北市,1000102,三重區,福安里,51857
10001,新北市,1000102,三重區,長江里,35332
10001,新北市,1000102,三重區,正義里,39798
10001,新北市,1000102,三重區,碧華里,104694
10001,新北市,1000102,三重區,龍濱里,56943
10001,新北市,1000102,三重區,六福里,34415
10001,新北市,1000102,三重區,五福里,68897
10001,新北市,1000102,三重區,五華里,77482
10001,新北市,1000102,三重區,五常里,83820
10001,新北市,1000102,三重區,永發里,76716
10001,新北市,1000102,三重區,富貴里,104454
10001,新北市,1000102,三重區,總計,3778663
10001,新北市,1000103,中和區,中原里,112146
10001,新北市,1000103,中和區,自強里,70362
10001,新北市,1000103,中和區,枋寮里,4330
10001,新北市,1000103,中和區,冠穗里,55848
10001,新北市,1000103,中和區,文元里,1309
10001,新北市,1000103,中和區,景福里,1992
10001,新北市,1000103,中和區,景南里,10061
10001,新北市,1000103,中和區,國華里,46973
10001,新北市,1000103,中和區,民生里,74008
10001,新北市,1000103,中和區,國光里,63549
10001,新北市,1000103,中和區,民有里,55392
10001,新北市,1000103,中和區,新南里,2082
10001,新北市,1000103,中和區,嘉慶里,45566
10001,新北市,1000103,中和區,清穗里,47510
10001,新北市,1000103,中和區,中興里,1159
10001,新北市,1000103,中和區,嘉穗里,41443
10001,新北市,1000103,中和區,秀成里,57816
10001,新北市,1000103,中和區,明穗里,73812
10001,新北市,1000103,中和區,中安里,3539
10001,新北市,1000103,中和區,秀義里,45731
10001,新北市,1000103,中和區,廟美里,912
10001,新北市,1000103,中和區,秀福里,90431
10001,新北市,1000103,中和區,吉興里,23
10001,新北市,1000103,中和區,灰磘里,1556
10001,新北市,1000103,中和區,錦昌里,2169
10001,新北市,1000103,中和區,泰安里,5864
10001,新北市,1000103,中和區,錦中里,10315
10001,新北市,1000103,中和區,中正里,512
10001,新北市,1000103,中和區,仁和里,3336
10001,新北市,1000103,中和區,壽德里,78430
10001,新北市,1000103,中和區,福美里,785
10001,新北市,1000103,中和區,福祥里,0
10001,新北市,1000103,中和區,瓦磘里,0
10001,新北市,1000103,中和區,福和里,0
10001,新北市,1000103,中和區,福真里,0
10001,新北市,1000103,中和區,福善里,0
10001,新北市,1000103,中和區,信和里,0
10001,新北市,1000103,中和區,建和里,0
10001,新北市,1000103,中和區,安樂里,0
10001,新北市,1000103,中和區,安和里,0
10001,新北市,1000103,中和區,安平里,0
10001,新北市,1000103,中和區,南山里,0
10001,新北市,1000103,中和區,秀仁里,0
10001,新北市,1000103,中和區,頂南里,0
10001,新北市,1000103,中和區,東南里,0
10001,新北市,1000103,中和區,華南里,0
10001,新北市,1000103,中和區,崇南里,0
10001,新北市,1000103,中和區,德行里,0
10001,新北市,1000103,中和區,宜安里,0
10001,新北市,1000103,中和區,安順里,0
10001,新北市,1000103,中和區,安穗里,0
10001,新北市,1000103,中和區,景文里,0
10001,新北市,1000103,中和區,錦和里,0
10001,新北市,1000103,中和區,橫路里,0
10001,新北市,1000103,中和區,內南里,0
10001,新北市,1000103,中和區,復興里,0
10001,新北市,1000103,中和區,和興里,0
10001,新北市,1000103,中和區,景新里,0
10001,新北市,1000103,中和區,錦盛里,0
10001,新北市,1000103,中和區,福南里,0
10001,新北市,1000103,中和區,正南里,0
10001,新北市,1000103,中和區,中山里,0
10001,新北市,1000103,中和區,興南里,0
10001,新北市,1000103,中和區,連城里,1195
10001,新北市,1000103,中和區,正行里,895
10001,新北市,1000103,中和區,忠孝里,2594
10001,新北市,1000103,中和區,瑞穗里,39693
10001,新北市,1000103,中和區,佳和里,296
10001,新北市,1000103,中和區,外南里,1534
10001,新北市,1000103,中和區,明德里,59050
10001,新北市,1000103,中和區,民安里,80433
10001,新北市,1000103,中和區,民享里,37245
10001,新北市,1000103,中和區,嘉新里,65842
10001,新北市,1000103,中和區,秀峰里,71053
10001,新北市,1000103,中和區,華新里,7332
10001,新北市,1000103,中和區,德穗里,69420
10001,新北市,1000103,中和區,景本里,39449
10001,新北市,1000103,中和區,秀水里,54934
10001,新北市,1000103,中和區,力行里,15729
10001,新北市,1000103,中和區,壽南里,29209
10001,新北市,1000103,中和區,景安里,31803
10001,新北市,1000103,中和區,員富里,42606
10001,新北市,1000103,中和區,碧河里,22371
10001,新北市,1000103,中和區,秀景里,123302
10001,新北市,1000103,中和區,景平里,86119
10001,新北市,1000103,中和區,秀山里,58754
10001,新北市,1000103,中和區,員山里,110345
10001,新北市,1000103,中和區,漳和里,35749
10001,新北市,1000103,中和區,連和里,18095
10001,新北市,1000103,中和區,平河里,34730
10001,新北市,1000103,中和區,秀士里,42290
10001,新北市,1000103,中和區,秀明里,94086
10001,新北市,1000103,中和區,積穗里,70780
10001,新北市,1000103,中和區,總計,2355894
10001,新北市,1000104,永和區,前溪里,178
10001,新北市,1000104,永和區,保安里,2788
10001,新北市,1000104,永和區,保順里,1780
10001,新北市,1000104,永和區,秀和里,7336
10001,新北市,1000104,永和區,後溪里,1273
10001,新北市,1000104,永和區,協和里,1139
10001,新北市,1000104,永和區,頂溪里,131
10001,新北市,1000104,永和區,潭墘里,1458
10001,新北市,1000104,永和區,智光里,3516
10001,新北市,1000104,永和區,民族里,399
10001,新北市,1000104,永和區,和平里,23
10001,新北市,1000104,永和區,復興里,563
10001,新北市,1000104,永和區,中興里,4421
10001,新北市,1000104,永和區,豫溪里,2106
10001,新北市,1000104,永和區,仁愛里,1439
10001,新北市,1000104,永和區,永貞里,0
10001,新北市,1000104,永和區,永福里,0
10001,新北市,1000104,永和區,民治里,0
10001,新北市,1000104,永和區,永成里,0
10001,新北市,1000104,永和區,忠義里,0
10001,新北市,1000104,永和區,永元里,0
10001,新北市,1000104,永和區,秀林里,0
10001,新北市,1000104,永和區,光明里,0
10001,新北市,1000104,永和區,福林里,0
10001,新北市,1000104,永和區,中溪里,0
10001,新北市,1000104,永和區,永安里,0
10001,新北市,1000104,永和區,勵行里,0
10001,新北市,1000104,永和區,秀朗里,0
10001,新北市,1000104,永和區,秀成里,0
10001,新北市,1000104,永和區,上溪里,0
10001,新北市,1000104,永和區,竹林里,0
10001,新北市,1000104,永和區,雙和里,0
10001,新北市,1000104,永和區,安和里,0
10001,新北市,1000104,永和區,水源里,0
10001,新北市,1000104,永和區,潭安里,0
10001,新北市,1000104,永和區,大新里,0
10001,新北市,1000104,永和區,保平里,0
10001,新北市,1000104,永和區,民本里,0
10001,新北市,1000104,永和區,民樂里,0
10001,新北市,1000104,永和區,福和里,0
10001,新北市,1000104,永和區,得和里,0
10001,新北市,1000104,永和區,河堤里,0
10001,新北市,1000104,永和區,新廍里,0
10001,新北市,1000104,永和區,下溪里,0
10001,新北市,1000104,永和區,河濱里,0
10001,新北市,1000104,永和區,民生里,0
10001,新北市,1000104,永和區,秀得里,0
10001,新北市,1000104,永和區,上林里,0
10001,新北市,1000104,永和區,網溪里,0
10001,新北市,1000104,永和區,正興里,0
10001,新北市,1000104,永和區,新生里,0
10001,新北市,1000104,永和區,大同里,0
10001,新北市,1000104,永和區,桂林里,0
10001,新北市,1000104,永和區,店街里,0
10001,新北市,1000104,永和區,信義里,0
10001,新北市,1000104,永和區,民富里,0
10001,新北市,1000104,永和區,秀元里,0
10001,新北市,1000104,永和區,永樂里,0
10001,新北市,1000104,永和區,文化里,688
10001,新北市,1000104,永和區,永興里,7596
10001,新北市,1000104,永和區,民權里,8429
10001,新北市,1000104,永和區,光復里,1324
10001,新北市,1000104,永和區,總計,46587
10001,新北市,1000105,新莊區,營盤里,136683
10001,新北市,1000105,新莊區,頭前里,37797
10001,新北市,1000105,新莊區,西盛里,244902
10001,新北市,1000105,新莊區,裕民里,103542
10001,新北市,1000105,新莊區,福興里,2643
10001,新北市,1000105,新莊區,文明里,13457
10001,新北市,1000105,新莊區,全安里,71184
10001,新北市,1000105,新莊區,立人里,4341
10001,新北市,1000105,新莊區,龍安里,29564
10001,新北市,1000105,新莊區,立言里,72746
10001,新北市,1000105,新莊區,福基里,7334
10001,新北市,1000105,新莊區,海山里,86312
10001,新北市,1000105,新莊區,立基里,3093
10001,新北市,1000105,新莊區,成德里,78302
10001,新北市,1000105,新莊區,瓊林里,101702
10001,新北市,1000105,新莊區,立泰里,72724
10001,新北市,1000105,新莊區,思源里,16401
10001,新北市,1000105,新莊區,民全里,55212
10001,新北市,1000105,新莊區,立德里,9740
10001,新北市,1000105,新莊區,南港里,78249
10001,新北市,1000105,新莊區,民本里,42546
10001,新北市,1000105,新莊區,後港里,115969
10001,新北市,1000105,新莊區,民安里,89741
10001,新北市,1000105,新莊區,光明里,60641
10001,新北市,1000105,新莊區,中平里,2699
10001,新北市,1000105,新莊區,建福里,37796
10001,新北市,1000105,新莊區,光和里,38211
10001,新北市,1000105,新莊區,榮和里,3833
10001,新北市,1000105,新莊區,豐年里,47988
10001,新北市,1000105,新莊區,中華里,1212
10001,新北市,1000105,新莊區,仁愛里,7
10001,新北市,1000105,新莊區,龍福里,30317
10001,新北市,1000105,新莊區,立志里,2081
10001,新北市,1000105,新莊區,立功里,10
10001,新北市,1000105,新莊區,中和里,403
10001,新北市,1000105,新莊區,中美里,12
10001,新北市,1000105,新莊區,昌明里,19
10001,新北市,1000105,新莊區,立廷里,1554
10001,新北市,1000105,新莊區,文德里,88
10001,新北市,1000105,新莊區,民有里,57785
10001,新北市,1000105,新莊區,自強里,161
10001,新北市,1000105,新莊區,思賢里,542
10001,新北市,1000105,新莊區,幸福里,0
10001,新北市,1000105,新莊區,中隆里,9
10001,新北市,1000105,新莊區,自信里,0
10001,新北市,1000105,新莊區,昌平里,0
10001,新北市,1000105,新莊區,中宏里,0
10001,新北市,1000105,新莊區,中全里,0
10001,新北市,1000105,新莊區,昌信里,603
10001,新北市,1000105,新莊區,中港里,5
10001,新北市,1000105,新莊區,中誠里,20
10001,新北市,1000105,新莊區,中信里,292
10001,新北市,1000105,新莊區,信義里,196
10001,新北市,1000105,新莊區,中泰里,90
10001,新北市,1000105,新莊區,文聖里,2691
10001,新北市,1000105,新莊區,富國里,35464
10001,新北市,1000105,新莊區,興漢里,990
10001,新北市,1000105,新莊區,萬安里,47983
10001,新北市,1000105,新莊區,恆安里,6487
10001,新北市,1000105,新莊區,和平里,2181
10001,新北市,1000105,新莊區,後德里,45393
10001,新北市,1000105,新莊區,文衡里,27054
10001,新北市,1000105,新莊區,泰豐里,35262
10001,新北市,1000105,新莊區,合鳳里,55530
10001,新北市,1000105,新莊區,全泰里,79031
10001,新北市,1000105,新莊區,仁義里,1154
10001,新北市,1000105,新莊區,中原里,1366
10001,新北市,1000105,新莊區,四維里,86228
10001,新北市,1000105,新莊區,化成里,6348
10001,新北市,1000105,新莊區,光華里,99560
10001,新北市,1000105,新莊區,自立里,2534
10001,新北市,1000105,新莊區,昌隆里,1681
10001,新北市,1000105,新莊區,光正里,65890
10001,新北市,1000105,新莊區,祥鳳里,34790
10001,新北市,1000105,新莊區,忠孝里,69756
10001,新北市,1000105,新莊區,光榮里,58729
10001,新北市,1000105,新莊區,富民里,57587
10001,新北市,1000105,新莊區,八德里,71151
10001,新北市,1000105,新莊區,龍鳳里,104267
10001,新北市,1000105,新莊區,福營里,114259
10001,新北市,1000105,新莊區,建安里,135070
10001,新北市,1000105,新莊區,國泰里,26918
10001,新北市,1000105,新莊區,丹鳳里,105423
10001,新北市,1000105,新莊區,雙鳳里,147773
10001,新北市,1000105,新莊區,總計,3289308
10001,新北市,1000106,新店區,中山里,105138
10001,新北市,1000106,新店區,新生里,108850
10001,新北市,1000106,新店區,達觀里,83186
10001,新北市,1000106,新店區,香坡里,173027
10001,新北市,1000106,新店區,忠孝里,56434
10001,新北市,1000106,新店區,中華里,52209
10001,新北市,1000106,新店區,大鵬里,54287
10001,新北市,1000106,新店區,百和里,66514
10001,新北市,1000106,新店區,江陵里,128070
10001,新北市,1000106,新店區,福德里,71530
10001,新北市,1000106,新店區,永平里,87966
10001,新北市,1000106,新店區,福民里,73064
10001,新北市,1000106,新店區,雙城里,89451
10001,新北市,1000106,新店區,仁愛里,39499
10001,新北市,1000106,新店區,忠誠里,52551
10001,新北市,1000106,新店區,太平里,66110
10001,新北市,1000106,新店區,小城里,54297
10001,新北市,1000106,新店區,青潭里,83668
10001,新北市,1000106,新店區,國豐里,56428
10001,新北市,1000106,新店區,百福里,44705
10001,新北市,1000106,新店區,日興里,76575
10001,新北市,1000106,新店區,中興里,85001
10001,新北市,1000106,新店區,永安里,77818
10001,新北市,1000106,新店區,美城里,37178
10001,新北市,1000106,新店區,安和里,116760
10001,新北市,1000106,新店區,玫瑰里,78589
10001,新北市,1000106,新店區,新安里,79725
10001,新北市,1000106,新店區,和平里,10559
10001,新北市,1000106,新店區,新和里,73156
10001,新北市,1000106,新店區,粗坑里,4693
10001,新北市,1000106,新店區,雙坑里,0
10001,新北市,1000106,新店區,塗潭里,395
10001,新北市,1000106,新店區,廣興里,1742
10001,新北市,1000106,新店區,屈尺里,4428
10001,新北市,1000106,新店區,員潭里,63782
10001,新北市,1000106,新店區,長春里,66014
10001,新北市,1000106,新店區,國校里,44755
10001,新北市,1000106,新店區,百忍里,65172
10001,新北市,1000106,新店區,新德里,48605
10001,新北市,1000106,新店區,直潭里,9731
10001,新北市,1000106,新店區,廣明里,19435
10001,新北市,1000106,新店區,龜山里,10187
10001,新北市,1000106,新店區,安昌里,97842
10001,新北市,1000106,新店區,大豐里,68524
10001,新北市,1000106,新店區,文中里,33897
10001,新北市,1000106,新店區,新店里,37491
10001,新北市,1000106,新店區,復興里,215164
10001,新北市,1000106,新店區,寶興里,128640
10001,新北市,1000106,新店區,下城里,109912
10001,新北市,1000106,新店區,明德里,84454
10001,新北市,1000106,新店區,大同里,89679
10001,新北市,1000106,新店區,頂城里,32650
10001,新北市,1000106,新店區,美潭里,87637
10001,新北市,1000106,新店區,文明里,41310
10001,新北市,1000106,新店區,華城里,92492
10001,新北市,1000106,新店區,德安里,125298
10001,新北市,1000106,新店區,明城里,110817
10001,新北市,1000106,新店區,中正里,114099
10001,新北市,1000106,新店區,建國里,52209
10001,新北市,1000106,新店區,公崙里,225680
10001,新北市,1000106,新店區,柴埕里,137662
10001,新北市,1000106,新店區,中央里,107894
10001,新北市,1000106,新店區,張南里,41082
10001,新北市,1000106,新店區,吉祥里,59510
10001,新北市,1000106,新店區,張北里,127095
10001,新北市,1000106,新店區,寶安里,130437
10001,新北市,1000106,新店區,信義里,140623
10001,新北市,1000106,新店區,五峰里,138149
10001,新北市,1000106,新店區,寶福里,320081
10001,新北市,1000106,新店區,總計,5471612
10001,新北市,1000107,樹林區,樹人里,29686
10001,新北市,1000107,樹林區,樹德里,38240
10001,新北市,1000107,樹林區,樹興里,36826
10001,新北市,1000107,樹林區,樹西里,89251
10001,新北市,1000107,樹林區,和平里,4266
10001,新北市,1000107,樹林區,柑園里,3484
10001,新北市,1000107,樹林區,三興里,62243
10001,新北市,1000107,樹林區,育英里,49466
10001,新北市,1000107,樹林區,東園里,1556
10001,新北市,1000107,樹林區,樹北里,1087
10001,新北市,1000107,樹林區,樹南里,60727
10001,新北市,1000107,樹林區,彭福里,42
10001,新北市,1000107,樹林區,坡內里,28402
10001,新北市,1000107,樹林區,彭厝里,963
10001,新北市,1000107,樹林區,中山里,623
10001,新北市,1000107,樹林區,大同里,6151
10001,新北市,1000107,樹林區,彭興里,277
10001,新北市,1000107,樹林區,南園里,870
10001,新北市,1000107,樹林區,西園里,0
10001,新北市,1000107,樹林區,東陽里,0
10001,新北市,1000107,樹林區,樂山里,0
10001,新北市,1000107,樹林區,中華里,0
10001,新北市,1000107,樹林區,太順里,0
10001,新北市,1000107,樹林區,東山里,114
10001,新北市,1000107,樹林區,北園里,278
10001,新北市,1000107,樹林區,樹東里,547
10001,新北市,1000107,樹林區,潭底里,71378
10001,新北市,1000107,樹林區,山佳里,1322
10001,新北市,1000107,樹林區,圳生里,73025
10001,新北市,1000107,樹林區,東昇里,49216
10001,新北市,1000107,樹林區,保安里,43188
10001,新北市,1000107,樹林區,文林里,75217
10001,新北市,1000107,樹林區,圳安里,61232
10001,新北市,1000107,樹林區,金寮里,85251
10001,新北市,1000107,樹林區,圳福里,45850
10001,新北市,1000107,樹林區,光興里,58173
10001,新北市,1000107,樹林區,圳民里,47421
10001,新北市,1000107,樹林區,樹福里,59532
10001,新北市,1000107,樹林區,猐寮里,77798
10001,新北市,1000107,樹林區,三福里,72205
10001,新北市,1000107,樹林區,三多里,72390
10001,新北市,1000107,樹林區,三龍里,50494
10001,新北市,1000107,樹林區,總計,1358791
10001,新北市,1000108,鶯歌區,永昌里,98290
10001,新北市,1000108,鶯歌區,西鶯里,20
10001,新北市,1000108,鶯歌區,南鶯里,2347
10001,新北市,1000108,鶯歌區,建國里,678
10001,新北市,1000108,鶯歌區,尖山里,91669
10001,新北市,1000108,鶯歌區,南靖里,40691
10001,新北市,1000108,鶯歌區,同慶里,26282
10001,新北市,1000108,鶯歌區,鳳祥里,70617
10001,新北市,1000108,鶯歌區,東鶯里,14561
10001,新北市,1000108,鶯歌區,北鶯里,554
10001,新北市,1000108,鶯歌區,中鶯里,0
10001,新北市,1000108,鶯歌區,東湖里,0
10001,新北市,1000108,鶯歌區,大湖里,0
10001,新北市,1000108,鶯歌區,中湖里,0
10001,新北市,1000108,鶯歌區,建德里,98
10001,新北市,1000108,鶯歌區,二甲里,10937
10001,新北市,1000108,鶯歌區,鳳鳴里,59344
10001,新北市,1000108,鶯歌區,二橋里,99473
10001,新北市,1000108,鶯歌區,永吉里,57340
10001,新北市,1000108,鶯歌區,鳳福里,56960
10001,新北市,1000108,鶯歌區,總計,629861
10001,新北市,1000109,三峽區,龍埔里,3814
10001,新北市,1000109,三峽區,鳶山里,13330
10001,新北市,1000109,三峽區,介壽里,78092
10001,新北市,1000109,三峽區,溪北里,25520
10001,新北市,1000109,三峽區,永館里,786
10001,新北市,1000109,三峽區,成福里,294
10001,新北市,1000109,三峽區,嘉添里,8847
10001,新北市,1000109,三峽區,金圳里,0
10001,新北市,1000109,三峽區,五寮里,0
10001,新北市,1000109,三峽區,插角里,0
10001,新北市,1000109,三峽區,有木里,0
10001,新北市,1000109,三峽區,弘道里,0
10001,新北市,1000109,三峽區,三峽里,0
10001,新北市,1000109,三峽區,秀川里,0
10001,新北市,1000109,三峽區,八張里,0
10001,新北市,1000109,三峽區,安坑里,0
10001,新北市,1000109,三峽區,龍學里,116788
10001,新北市,1000109,三峽區,龍恩里,169915
10001,新北市,1000109,三峽區,中埔里,1942
10001,新北市,1000109,三峽區,安溪里,102935
10001,新北市,1000109,三峽區,竹崙里,10486
10001,新北市,1000109,三峽區,添福里,5921
10001,新北市,1000109,三峽區,中正里,70084
10001,新北市,1000109,三峽區,溪南里,15887
10001,新北市,1000109,三峽區,二鬮里,27543
10001,新北市,1000109,三峽區,大埔里,64075
10001,新北市,1000109,三峽區,溪東里,24730
10001,新北市,1000109,三峽區,礁溪里,90086
10001,新北市,1000109,三峽區,總計,831075
10001,新北市,1000110,淡水區,賢孝里,12404
10001,新北市,1000110,淡水區,水源里,9919
10001,新北市,1000110,淡水區,水碓里,61478
10001,新北市,1000110,淡水區,鄧公里,147526
10001,新北市,1000110,淡水區,埤島里,4626
10001,新北市,1000110,淡水區,民安里,3598
10001,新北市,1000110,淡水區,沙崙里,15828
10001,新北市,1000110,淡水區,新義里,231
10001,新北市,1000110,淡水區,義山里,666
10001,新北市,1000110,淡水區,忠山里,46
10001,新北市,1000110,淡水區,蕃薯里,0
10001,新北市,1000110,淡水區,新春里,5
10001,新北市,1000110,淡水區,新民里,0
10001,新北市,1000110,淡水區,大庄里,1706
10001,新北市,1000110,淡水區,屯山里,169
10001,新北市,1000110,淡水區,中和里,114
10001,新北市,1000110,淡水區,新生里,1833
10001,新北市,1000110,淡水區,新興里,1974
10001,新北市,1000110,淡水區,興仁里,344
10001,新北市,1000110,淡水區,協元里,1498
10001,新北市,1000110,淡水區,草東里,789
10001,新北市,1000110,淡水區,忠寮里,1516
10001,新北市,1000110,淡水區,永吉里,1442
10001,新北市,1000110,淡水區,油車里,8907
10001,新北市,1000110,淡水區,坪頂里,19397
10001,新北市,1000110,淡水區,民生里,153441
10001,新北市,1000110,淡水區,竹圍里,147916
10001,新北市,1000110,淡水區,崁頂里,4470
10001,新北市,1000110,淡水區,清文里,15106
10001,新北市,1000110,淡水區,文化里,22247
10001,新北市,1000110,淡水區,正德里,48862
10001,新北市,1000110,淡水區,北投里,33054
10001,新北市,1000110,淡水區,福德里,154129
10001,新北市,1000110,淡水區,樹興里,25663
10001,新北市,1000110,淡水區,八勢里,141667
10001,新北市,1000110,淡水區,長庚里,37884
10001,新北市,1000110,淡水區,北新里,62309
10001,新北市,1000110,淡水區,幸福里,58520
10001,新北市,1000110,淡水區,學府里,96479
10001,新北市,1000110,淡水區,中興里,141948
10001,新北市,1000110,淡水區,民權里,72105
10001,新北市,1000110,淡水區,竿蓁里,186821
10001,新北市,1000110,淡水區,總計,1698637
10001,新北市,1000111,汐止區,橋東里,155575
10001,新北市,1000111,汐止區,北山里,566
10001,新北市,1000111,汐止區,橫科里,1769
10001,新北市,1000111,汐止區,忠山里,97025
10001,新北市,1000111,汐止區,江北里,1420
10001,新北市,1000111,汐止區,白雲里,62432
10001,新北市,1000111,汐止區,忠孝里,1995
10001,新北市,1000111,汐止區,禮門里,14345
10001,新北市,1000111,汐止區,長安里,25355
10001,新北市,1000111,汐止區,中興里,1007
10001,新北市,1000111,汐止區,厚德里,562
10001,新北市,1000111,汐止區,拱北里,1946
10001,新北市,1000111,汐止區,鄉長里,29377
10001,新北市,1000111,汐止區,福德里,13
10001,新北市,1000111,汐止區,山光里,10
10001,新北市,1000111,汐止區,義民里,27192
10001,新北市,1000111,汐止區,烘內里,0
10001,新北市,1000111,汐止區,興福里,0
10001,新北市,1000111,汐止區,金龍里,0
10001,新北市,1000111,汐止區,東勢里,0
10001,新北市,1000111,汐止區,東山里,0
10001,新北市,1000111,汐止區,宜興里,0
10001,新北市,1000111,汐止區,湖興里,0
10001,新北市,1000111,汐止區,長青里,0
10001,新北市,1000111,汐止區,建成里,22584
10001,新北市,1000111,汐止區,城中里,51273
10001,新北市,1000111,汐止區,湖蓮里,0
10001,新北市,1000111,汐止區,保新里,6294
10001,新北市,1000111,汐止區,福山里,943
10001,新北市,1000111,汐止區,八連里,137
10001,新北市,1000111,汐止區,康福里,1781
10001,新北市,1000111,汐止區,湖光里,610
10001,新北市,1000111,汐止區,環河里,1689
10001,新北市,1000111,汐止區,智慧里,92220
10001,新北市,1000111,汐止區,北峰里,3518
10001,新北市,1000111,汐止區,保安里,46975
10001,新北市,1000111,汐止區,信望里,10492
10001,新北市,1000111,汐止區,文化里,48662
10001,新北市,1000111,汐止區,秀山里,61040
10001,新北市,1000111,汐止區,復興里,164143
10001,新北市,1000111,汐止區,大同里,39157
10001,新北市,1000111,汐止區,樟樹里,6901
10001,新北市,1000111,汐止區,仁德里,32195
10001,新北市,1000111,汐止區,福安里,65150
10001,新北市,1000111,汐止區,崇德里,35519
10001,新北市,1000111,汐止區,秀峰里,89111
10001,新北市,1000111,汐止區,保長里,98306
10001,新北市,1000111,汐止區,自強里,70893
10001,新北市,1000111,汐止區,新昌里,104427
10001,新北市,1000111,汐止區,茄苳里,83016
10001,新北市,1000111,汐止區,總計,1557625
10001,新北市,1000112,瑞芳區,龍安里,1488
10001,新北市,1000112,瑞芳區,瓜山里,1182
10001,新北市,1000112,瑞芳區,吉安里,37334
10001,新北市,1000112,瑞芳區,崇文里,4481
10001,新北市,1000112,瑞芳區,龍興里,1000
10001,新北市,1000112,瑞芳區,鼻頭里,5395
10001,新北市,1000112,瑞芳區,深澳里,12606
10001,新北市,1000112,瑞芳區,永慶里,5656
10001,新北市,1000112,瑞芳區,頌德里,3041
10001,新北市,1000112,瑞芳區,龍潭里,276
10001,新北市,1000112,瑞芳區,上天里,7303
10001,新北市,1000112,瑞芳區,海濱里,8510
10001,新北市,1000112,瑞芳區,石山里,2420
10001,新北市,1000112,瑞芳區,福住里,2177
10001,新北市,1000112,瑞芳區,東和里,1479
10001,新北市,1000112,瑞芳區,銅山里,791
10001,新北市,1000112,瑞芳區,新山里,2630
10001,新北市,1000112,瑞芳區,濂新里,1122
10001,新北市,1000112,瑞芳區,吉慶里,18197
10001,新北市,1000112,瑞芳區,瑞濱里,18227
10001,新北市,1000112,瑞芳區,爪峯里,12
10001,新北市,1000112,瑞芳區,龍鎮里,105
10001,新北市,1000112,瑞芳區,南雅里,148
10001,新北市,1000112,瑞芳區,柑坪里,29
10001,新北市,1000112,瑞芳區,龍山里,0
10001,新北市,1000112,瑞芳區,猴硐里,0
10001,新北市,1000112,瑞芳區,光復里,12
10001,新北市,1000112,瑞芳區,弓橋里,0
10001,新北市,1000112,瑞芳區,碩仁里,0
10001,新北市,1000112,瑞芳區,新峰里,0
10001,新北市,1000112,瑞芳區,濂洞里,5445
10001,新北市,1000112,瑞芳區,龍川里,1708
10001,新北市,1000112,瑞芳區,基山里,7259
10001,新北市,1000112,瑞芳區,傑魚里,6216
10001,新北市,1000112,瑞芳區,總計,156249
10001,新北市,1000113,土城區,大安里,7490
10001,新北市,1000113,土城區,頂埔里,591
10001,新北市,1000113,土城區,員信里,993
10001,新北市,1000113,土城區,安和里,76664
10001,新北市,1000113,土城區,沛陂里,12871
10001,新北市,1000113,土城區,延壽里,74115
10001,新北市,1000113,土城區,員林里,103739
10001,新北市,1000113,土城區,青雲里,44470
10001,新北市,1000113,土城區,頂福里,1243
10001,新北市,1000113,土城區,延祿里,64413
10001,新北市,1000113,土城區,延吉里,2271
10001,新北市,1000113,土城區,學士里,81488
10001,新北市,1000113,土城區,員仁里,2877
10001,新北市,1000113,土城區,永寧里,3262
10001,新北市,1000113,土城區,學府里,57609
10001,新北市,1000113,土城區,清和里,1524
10001,新北市,1000113,土城區,埤塘里,3454
10001,新北市,1000113,土城區,日和里,43317
10001,新北市,1000113,土城區,頂新里,784
10001,新北市,1000113,土城區,員福里,500
10001,新北市,1000113,土城區,清水里,2007
10001,新北市,1000113,土城區,中正里,49587
10001,新北市,1000113,土城區,峯廷里,270
10001,新北市,1000113,土城區,永豐里,672
10001,新北市,1000113,土城區,土城里,0
10001,新北市,1000113,土城區,長風里,0
10001,新北市,1000113,土城區,祖田里,0
10001,新北市,1000113,土城區,金城里,0
10001,新北市,1000113,土城區,青山里,23
10001,新北市,1000113,土城區,日新里,40259
10001,新北市,1000113,土城區,永富里,3510
10001,新北市,1000113,土城區,清化里,6096
10001,新北市,1000113,土城區,清溪里,106567
10001,新北市,1000113,土城區,明德里,101653
10001,新北市,1000113,土城區,瑞興里,53453
10001,新北市,1000113,土城區,復興里,71983
10001,新北市,1000113,土城區,廣福里,84216
10001,新北市,1000113,土城區,貨饒里,56360
10001,新北市,1000113,土城區,裕生里,58970
10001,新北市,1000113,土城區,平和里,108249
10001,新北市,1000113,土城區,學成里,51485
10001,新北市,1000113,土城區,廣興里,51830
10001,新北市,1000113,土城區,柑林里,45121
10001,新北市,1000113,土城區,廷寮里,7447
10001,新北市,1000113,土城區,埤林里,144209
10001,新北市,1000113,土城區,樂利里,89800
10001,新北市,1000113,土城區,延和里,88387
10001,新北市,1000113,土城區,總計,1805829
10001,新北市,1000114,蘆洲區,長安里,94275
10001,新北市,1000114,蘆洲區,正義里,15089
10001,新北市,1000114,蘆洲區,得仁里,4400
10001,新北市,1000114,蘆洲區,恆德里,14395
10001,新北市,1000114,蘆洲區,樓厝里,7363
10001,新北市,1000114,蘆洲區,保和里,5704
10001,新北市,1000114,蘆洲區,玉清里,269
10001,新北市,1000114,蘆洲區,水河里,67294
10001,新北市,1000114,蘆洲區,溪墘里,4588
10001,新北市,1000114,蘆洲區,中華里,62766
10001,新北市,1000114,蘆洲區,鷺江里,1755
10001,新北市,1000114,蘆洲區,仁義里,788
10001,新北市,1000114,蘆洲區,福安里,2944
10001,新北市,1000114,蘆洲區,得勝里,4055
10001,新北市,1000114,蘆洲區,忠孝里,3843
10001,新北市,1000114,蘆洲區,保佑里,621
10001,新北市,1000114,蘆洲區,樹德里,0
10001,新北市,1000114,蘆洲區,信義里,0
10001,新北市,1000114,蘆洲區,民和里,71
10001,新北市,1000114,蘆洲區,仁復里,302
10001,新北市,1000114,蘆洲區,仁愛里,356
10001,新北市,1000114,蘆洲區,仁德里,597
10001,新北市,1000114,蘆洲區,水湳里,43694
10001,新北市,1000114,蘆洲區,復興里,2564
10001,新北市,1000114,蘆洲區,保新里,3837
10001,新北市,1000114,蘆洲區,光華里,81434
10001,新北市,1000114,蘆洲區,中原里,58566
10001,新北市,1000114,蘆洲區,中路里,75240
10001,新北市,1000114,蘆洲區,忠義里,46027
10001,新北市,1000114,蘆洲區,永德里,74540
10001,新北市,1000114,蘆洲區,光明里,63153
10001,新北市,1000114,蘆洲區,延平里,66232
10001,新北市,1000114,蘆洲區,永樂里,96994
10001,新北市,1000114,蘆洲區,永安里,83310
10001,新北市,1000114,蘆洲區,九芎里,82935
10001,新北市,1000114,蘆洲區,南港里,77161
10001,新北市,1000114,蘆洲區,永康里,106576
10001,新北市,1000114,蘆洲區,成功里,119094
10001,新北市,1000114,蘆洲區,總計,1372832
10001,新北市,1000115,五股區,興珍里,5297
10001,新北市,1000115,五股區,德音里,10592
10001,新北市,1000115,五股區,集福里,4188
10001,新北市,1000115,五股區,水碓里,10657
10001,新北市,1000115,五股區,福德里,364
10001,新北市,1000115,五股區,五福里,44
10001,新北市,1000115,五股區,成德里,150
10001,新北市,1000115,五股區,集賢里,181
10001,新北市,1000115,五股區,陸一里,0
10001,新北市,1000115,五股區,貿商里,0
10001,新北市,1000115,五股區,德泰里,0
10001,新北市,1000115,五股區,五股里,3481
10001,新北市,1000115,五股區,民義里,165
10001,新北市,1000115,五股區,成功里,196
10001,新北市,1000115,五股區,成泰里,340
10001,新北市,1000115,五股區,觀音里,1348
10001,新北市,1000115,五股區,六福里,617
10001,新北市,1000115,五股區,五龍里,1183
10001,新北市,1000115,五股區,成州里,1974
10001,新北市,1000115,五股區,更寮里,3486
10001,新北市,1000115,五股區,總計,44263
10001,新北市,1000116,泰山區,貴子里,71283
10001,新北市,1000116,泰山區,山腳里,105226
10001,新北市,1000116,泰山區,同榮里,62037
10001,新北市,1000116,泰山區,福興里,66085
10001,新北市,1000116,泰山區,泰友里,36909
10001,新北市,1000116,泰山區,黎明里,52253
10001,新北市,1000116,泰山區,貴和里,87459
10001,新北市,1000116,泰山區,義學里,65767
10001,新北市,1000116,泰山區,楓樹里,97375
10001,新北市,1000116,泰山區,大科里,14213
10001,新北市,1000116,泰山區,同興里,64911
10001,新北市,1000116,泰山區,新明里,49027
10001,新北市,1000116,泰山區,福泰里,53927
10001,新北市,1000116,泰山區,明志里,58681
10001,新北市,1000116,泰山區,全興里,123713
10001,新北市,1000116,泰山區,義仁里,159769
10001,新北市,1000116,泰山區,貴賢里,91919
10001,新北市,1000116,泰山區,總計,1260554
10001,新北市,1000117,林口區,下福里,28556
10001,新北市,1000117,林口區,東林里,113
10001,新北市,1000117,林口區,西林里,13664
10001,新北市,1000117,林口區,中湖里,7941
10001,新北市,1000117,林口區,菁湖里,940
10001,新北市,1000117,林口區,太平里,2053
10001,新北市,1000117,林口區,嘉寶里,149
10001,新北市,1000117,林口區,瑞平里,0
10001,新北市,1000117,林口區,湖北里,77
10001,新北市,1000117,林口區,林口里,16417
10001,新北市,1000117,林口區,頂福里,2453
10001,新北市,1000117,林口區,仁愛里,107228
10001,新北市,1000117,林口區,麗林里,119126
10001,新北市,1000117,林口區,麗園里,59702
10001,新北市,1000117,林口區,東勢里,104611
10001,新北市,1000117,林口區,湖南里,62837
10001,新北市,1000117,林口區,南勢里,167868
10001,新北市,1000117,林口區,總計,693735
10001,新北市,1000118,深坑區,萬順里,72279
10001,新北市,1000118,深坑區,昇高里,29029
10001,新北市,1000118,深坑區,埔新里,11807
10001,新北市,1000118,深坑區,深坑里,46786
10001,新北市,1000118,深坑區,賴仲里,23458
10001,新北市,1000118,深坑區,土庫里,0
10001,新北市,1000118,深坑區,阿柔里,12158
10001,新北市,1000118,深坑區,萬福里,67200
10001,新北市,1000118,深坑區,總計,262717
10001,新北市,1000119,石碇區,豐林里,1913
10001,新北市,1000119,石碇區,永安里,0
10001,新北市,1000119,石碇區,格頭里,0
10001,新北市,1000119,石碇區,烏塗里,0
10001,新北市,1000119,石碇區,彭山里,0
10001,新北市,1000119,石碇區,豐田里,0
10001,新北市,1000119,石碇區,潭邊里,0
10001,新北市,1000119,石碇區,中民里,0
10001,新北市,1000119,石碇區,光明里,0
10001,新北市,1000119,石碇區,永定里,56
10001,新北市,1000119,石碇區,石碇里,129
10001,新北市,1000119,石碇區,隆盛里,2298
10001,新北市,1000119,石碇區,總計,4396
10001,新北市,1000120,坪林區,坪林里,3199
10001,新北市,1000120,坪林區,石曹里,0
10001,新北市,1000120,坪林區,上德里,0
10001,新北市,1000120,坪林區,粗窟里,0
10001,新北市,1000120,坪林區,漁光里,0
10001,新北市,1000120,坪林區,大林里,1078
10001,新北市,1000120,坪林區,水德里,1053
10001,新北市,1000120,坪林區,總計,5330
10001,新北市,1000121,三芝區,埔頭里,2163
10001,新北市,1000121,三芝區,後厝里,6158
10001,新北市,1000121,三芝區,興華里,228
10001,新北市,1000121,三芝區,埔坪里,139
10001,新北市,1000121,三芝區,茂長里,0
10001,新北市,1000121,三芝區,橫山里,0
10001,新北市,1000121,三芝區,八賢里,0
10001,新北市,1000121,三芝區,新庄里,0
10001,新北市,1000121,三芝區,福德里,0
10001,新北市,1000121,三芝區,圓山里,0
10001,新北市,1000121,三芝區,店子里,0
10001,新北市,1000121,三芝區,錫板里,192
10001,新北市,1000121,三芝區,古庄里,1469
10001,新北市,1000121,三芝區,總計,10349
10001,新北市,1000122,石門區,石門里,254
10001,新北市,1000122,石門區,老梅里,306
10001,新北市,1000122,石門區,德茂里,226
10001,新北市,1000122,石門區,尖鹿里,423
10001,新北市,1000122,石門區,茂林里,50
10001,新北市,1000122,石門區,富基里,0
10001,新北市,1000122,石門區,山溪里,0
10001,新北市,1000122,石門區,乾華里,41
10001,新北市,1000122,石門區,草里里,218
10001,新北市,1000122,石門區,總計,1518
10001,新北市,1000123,八里區,下罟里,40997
10001,新北市,1000123,八里區,荖阡里,21542
10001,新北市,1000123,八里區,龍源里,147287
10001,新北市,1000123,八里區,米倉里,51327
10001,新北市,1000123,八里區,埤頭里,61938
10001,新北市,1000123,八里區,長坑里,17578
10001,新北市,1000123,八里區,舊城里,121342
10001,新北市,1000123,八里區,頂罟里,43821
10001,新北市,1000123,八里區,大崁里,51414
10001,新北市,1000123,八里區,訊塘里,78567
10001,新北市,1000123,八里區,總計,635813
10001,新北市,1000124,平溪區,菁桐里,432
10001,新北市,1000124,平溪區,嶺腳里,1256
10001,新北市,1000124,平溪區,東勢里,0
10001,新北市,1000124,平溪區,望古里,0
10001,新北市,1000124,平溪區,南山里,0
10001,新北市,1000124,平溪區,平湖里,0
10001,新北市,1000124,平溪區,新寮里,0
10001,新北市,1000124,平溪區,十分里,77
10001,新北市,1000124,平溪區,薯榔里,415
10001,新北市,1000124,平溪區,平溪里,1477
10001,新北市,1000124,平溪區,石底里,1773
10001,新北市,1000124,平溪區,白石里,1522
10001,新北市,1000124,平溪區,總計,6952
10001,新北市,1000125,雙溪區,雙溪里,5701
10001,新北市,1000125,雙溪區,平林里,2223
10001,新北市,1000125,雙溪區,新基里,7215
10001,新北市,1000125,雙溪區,三貂里,1368
10001,新北市,1000125,雙溪區,共和里,2964
10001,新北市,1000125,雙溪區,三港里,646
10001,新北市,1000125,雙溪區,上林里,0
10001,新北市,1000125,雙溪區,外柑里,0
10001,新北市,1000125,雙溪區,長源里,0
10001,新北市,1000125,雙溪區,泰平里,0
10001,新北市,1000125,雙溪區,魚行里,300
10001,新北市,1000125,雙溪區,牡丹里,6745
10001,新北市,1000125,雙溪區,總計,27162
10001,新北市,1000126,貢寮區,仁里里,23450
10001,新北市,1000126,貢寮區,貢寮里,241
10001,新北市,1000126,貢寮區,和美里,454
10001,新北市,1000126,貢寮區,真理里,634
10001,新北市,1000126,貢寮區,龍崗里,280
10001,新北市,1000126,貢寮區,龍門里,0
10001,新北市,1000126,貢寮區,吉林里,0
10001,新北市,1000126,貢寮區,雙玉里,0
10001,新北市,1000126,貢寮區,美豐里,0
10001,新北市,1000126,貢寮區,福連里,514
10001,新北市,1000126,貢寮區,福隆里,5769
10001,新北市,1000126,貢寮區,總計,31342
10001,新北市,1000127,金山區,美田里,3499
10001,新北市,1000127,金山區,金美里,710
10001,新北市,1000127,金山區,五湖里,31
10001,新北市,1000127,金山區,磺港里,934
10001,新北市,1000127,金山區,三界里,10
10001,新北市,1000127,金山區,大同里,1243
10001,新北市,1000127,金山區,和平里,296
10001,新北市,1000127,金山區,清泉里,2
10001,新北市,1000127,金山區,西湖里,0
10001,新北市,1000127,金山區,兩湖里,0
10001,新北市,1000127,金山區,六股里,0
10001,新北市,1000127,金山區,重和里,26
10001,新北市,1000127,金山區,萬壽里,247
10001,新北市,1000127,金山區,豐漁里,89
10001,新北市,1000127,金山區,永興里,4392
10001,新北市,1000127,金山區,總計,11479
10001,新北市,1000128,萬里區,龜吼里,33644
10001,新北市,1000128,萬里區,野柳里,4241
10001,新北市,1000128,萬里區,北基里,26126
10001,新北市,1000128,萬里區,磺潭里,0
10001,新北市,1000128,萬里區,雙興里,223
10001,新北市,1000128,萬里區,溪底里,0
10001,新北市,1000128,萬里區,中幅里,633
10001,新北市,1000128,萬里區,崁腳里,695
10001,新北市,1000128,萬里區,大鵬里,1244
10001,新北市,1000128,萬里區,萬里里,19500
10001,新北市,1000128,萬里區,總計,86306
10001,新北市,1000129,烏來區,烏來里,1163
10001,新北市,1000129,烏來區,福山里,0
10001,新北市,1000129,烏來區,信賢里,0
10001,新北市,1000129,烏來區,孝義里,0
10001,新北市,1000129,烏來區,忠治里,16591
10001,新北市,1000129,烏來區,總計,17754
10019,臺中市,1001901,中　區,繼光里,1593
10019,臺中市,1001901,中　區,柳川里,3581
10019,臺中市,1001901,中　區,大誠里,2098
10019,臺中市,1001901,中　區,公園里,7576
10019,臺中市,1001901,中　區,中華里,185
10019,臺中市,1001901,中　區,光復里,111
10019,臺中市,1001901,中　區,綠川里,1936
10019,臺中市,1001901,中　區,大墩里,3516
10019,臺中市,1001901,中　區,總計,20596
10019,臺中市,1001902,東　區,新庄里,17031
10019,臺中市,1001902,東　區,十甲里,1837
10019,臺中市,1001902,東　區,合作里,100
10019,臺中市,1001902,東　區,東信里,1220
10019,臺中市,1001902,東　區,泉源里,927
10019,臺中市,1001902,東　區,振興里,339
10019,臺中市,1001902,東　區,東橋里,1795
10019,臺中市,1001902,東　區,旱溪里,518
10019,臺中市,1001902,東　區,富台里,0
10019,臺中市,1001902,東　區,富仁里,0
10019,臺中市,1001902,東　區,東英里,586
10019,臺中市,1001902,東　區,東興里,828
10019,臺中市,1001902,東　區,樂成里,2300
10019,臺中市,1001902,東　區,干城里,9648
10019,臺中市,1001902,東　區,東勢里,2887
10019,臺中市,1001902,東　區,東南里,1191
10019,臺中市,1001902,東　區,東門里,1267
10019,臺中市,1001902,東　區,總計,42474
10019,臺中市,1001903,南　區,樹德里,171951
10019,臺中市,1001903,南　區,長榮里,37672
10019,臺中市,1001903,南　區,長春里,34745
10019,臺中市,1001903,南　區,崇倫里,88705
10019,臺中市,1001903,南　區,積善里,81618
10019,臺中市,1001903,南　區,城隍里,63376
10019,臺中市,1001903,南　區,江川里,54482
10019,臺中市,1001903,南　區,永和里,67645
10019,臺中市,1001903,南　區,新榮里,98688
10019,臺中市,1001903,南　區,工學里,113585
10019,臺中市,1001903,南　區,西川里,80110
10019,臺中市,1001903,南　區,國光里,61175
10019,臺中市,1001903,南　區,平和里,63485
10019,臺中市,1001903,南　區,永興里,155997
10019,臺中市,1001903,南　區,南和里,115964
10019,臺中市,1001903,南　區,德義里,67927
10019,臺中市,1001903,南　區,福順里,103931
10019,臺中市,1001903,南　區,福平里,92638
10019,臺中市,1001903,南　區,南門里,75302
10019,臺中市,1001903,南　區,和平里,97449
10019,臺中市,1001903,南　區,樹義里,214975
10019,臺中市,1001903,南　區,福興里,86327
10019,臺中市,1001903,南　區,總計,2027747
10019,臺中市,1001904,西　區,吉龍里,149097
10019,臺中市,1001904,西　區,忠明里,17411
10019,臺中市,1001904,西　區,忠誠里,1443
10019,臺中市,1001904,西　區,双龍里,4451
10019,臺中市,1001904,西　區,公正里,21596
10019,臺中市,1001904,西　區,廣民里,37966
10019,臺中市,1001904,西　區,和龍里,162
10019,臺中市,1001904,西　區,昇平里,5437
10019,臺中市,1001904,西　區,公德里,0
10019,臺中市,1001904,西　區,公平里,118
10019,臺中市,1001904,西　區,中興里,291
10019,臺中市,1001904,西　區,民生里,40212
10019,臺中市,1001904,西　區,後龍里,2108
10019,臺中市,1001904,西　區,利民里,27806
10019,臺中市,1001904,西　區,大忠里,67959
10019,臺中市,1001904,西　區,公益里,3438
10019,臺中市,1001904,西　區,平和里,53193
10019,臺中市,1001904,西　區,土庫里,70403
10019,臺中市,1001904,西　區,公民里,125841
10019,臺中市,1001904,西　區,東昇里,39076
10019,臺中市,1001904,西　區,民龍里,20178
10019,臺中市,1001904,西　區,三民里,29740
10019,臺中市,1001904,西　區,藍興里,53194
10019,臺中市,1001904,西　區,公館里,102381
10019,臺中市,1001904,西　區,安龍里,37384
10019,臺中市,1001904,西　區,總計,910885
10019,臺中市,1001905,北　區,淡溝里,19343
10019,臺中市,1001905,北　區,金華里,25463
10019,臺中市,1001905,北　區,金龍里,82972
10019,臺中市,1001905,北　區,大湖里,25846
10019,臺中市,1001905,北　區,樂英里,37565
10019,臺中市,1001905,北　區,立人里,1520
10019,臺中市,1001905,北　區,中正里,1685
10019,臺中市,1001905,北　區,明新里,4647
10019,臺中市,1001905,北　區,梅川里,8403
10019,臺中市,1001905,北　區,六合里,370
10019,臺中市,1001905,北　區,育德里,49011
10019,臺中市,1001905,北　區,建德里,56361
10019,臺中市,1001905,北　區,明德里,1625
10019,臺中市,1001905,北　區,賴旺里,24
10019,臺中市,1001905,北　區,中達里,304
10019,臺中市,1001905,北　區,賴明里,2071
10019,臺中市,1001905,北　區,文莊里,272
10019,臺中市,1001905,北　區,五常里,54123
10019,臺中市,1001905,北　區,長青里,1312
10019,臺中市,1001905,北　區,健行里,6402
10019,臺中市,1001905,北　區,賴興里,639
10019,臺中市,1001905,北　區,建興里,117142
10019,臺中市,1001905,北　區,頂厝里,67376
10019,臺中市,1001905,北　區,賴福里,58282
10019,臺中市,1001905,北　區,錦村里,3522
10019,臺中市,1001905,北　區,錦祥里,78760
10019,臺中市,1001905,北　區,崇德里,58513
10019,臺中市,1001905,北　區,光大里,30520
10019,臺中市,1001905,北　區,邱厝里,79947
10019,臺中市,1001905,北　區,賴村里,110980
10019,臺中市,1001905,北　區,賴厝里,66048
10019,臺中市,1001905,北　區,新興里,36611
10019,臺中市,1001905,北　區,錦洲里,64297
10019,臺中市,1001905,北　區,建成里,77872
10019,臺中市,1001905,北　區,錦平里,75065
10019,臺中市,1001905,北　區,新北里,137360
10019,臺中市,1001905,北　區,總計,1442253
10019,臺中市,1001906,西屯區,協和里,71735
10019,臺中市,1001906,西屯區,上德里,2344
10019,臺中市,1001906,西屯區,永安里,3493
10019,臺中市,1001906,西屯區,何南里,6341
10019,臺中市,1001906,西屯區,鵬程里,8551
10019,臺中市,1001906,西屯區,林厝里,13757
10019,臺中市,1001906,西屯區,何厝里,10383
10019,臺中市,1001906,西屯區,西安里,2578
10019,臺中市,1001906,西屯區,逢福里,1609
10019,臺中市,1001906,西屯區,福瑞里,2907
10019,臺中市,1001906,西屯區,福安里,18703
10019,臺中市,1001906,西屯區,福和里,61029
10019,臺中市,1001906,西屯區,港尾里,66645
10019,臺中市,1001906,西屯區,何源里,1374
10019,臺中市,1001906,西屯區,大石里,1116
10019,臺中市,1001906,西屯區,何德里,1877
10019,臺中市,1001906,西屯區,上安里,250
10019,臺中市,1001906,西屯區,何明里,680
10019,臺中市,1001906,西屯區,何安里,1737
10019,臺中市,1001906,西屯區,大福里,143
10019,臺中市,1001906,西屯區,何仁里,2997
10019,臺中市,1001906,西屯區,福雅里,242
10019,臺中市,1001906,西屯區,逢甲里,2896
10019,臺中市,1001906,西屯區,大鵬里,2977
10019,臺中市,1001906,西屯區,至善里,2069
10019,臺中市,1001906,西屯區,龍潭里,3361
10019,臺中市,1001906,西屯區,何福里,1722
10019,臺中市,1001906,西屯區,廣福里,2761
10019,臺中市,1001906,西屯區,大河里,2919
10019,臺中市,1001906,西屯區,西墩里,7573
10019,臺中市,1001906,西屯區,福中里,44843
10019,臺中市,1001906,西屯區,福聯里,1162
10019,臺中市,1001906,西屯區,上石里,1890
10019,臺中市,1001906,西屯區,福林里,1621
10019,臺中市,1001906,西屯區,何成里,9130
10019,臺中市,1001906,西屯區,西平里,10449
10019,臺中市,1001906,西屯區,福恩里,59712
10019,臺中市,1001906,西屯區,潮洋里,109285
10019,臺中市,1001906,西屯區,惠來里,218144
10019,臺中市,1001906,西屯區,總計,763005
10019,臺中市,1001907,南屯區,文山里,163966
10019,臺中市,1001907,南屯區,三義里,139200
10019,臺中市,1001907,南屯區,惠中里,56689
10019,臺中市,1001907,南屯區,大業里,4966
10019,臺中市,1001907,南屯區,黎明里,64457
10019,臺中市,1001907,南屯區,鎮平里,18669
10019,臺中市,1001907,南屯區,溝墘里,38268
10019,臺中市,1001907,南屯區,春安里,16458
10019,臺中市,1001907,南屯區,中和里,68376
10019,臺中市,1001907,南屯區,向心里,84980
10019,臺中市,1001907,南屯區,三和里,176851
10019,臺中市,1001907,南屯區,三厝里,151396
10019,臺中市,1001907,南屯區,大誠里,32523
10019,臺中市,1001907,南屯區,大興里,82054
10019,臺中市,1001907,南屯區,大同里,56396
10019,臺中市,1001907,南屯區,新生里,18940
10019,臺中市,1001907,南屯區,楓樹里,88282
10019,臺中市,1001907,南屯區,同心里,91171
10019,臺中市,1001907,南屯區,文心里,78726
10019,臺中市,1001907,南屯區,永定里,85269
10019,臺中市,1001907,南屯區,南屯里,169881
10019,臺中市,1001907,南屯區,寶山里,78868
10019,臺中市,1001907,南屯區,春社里,116987
10019,臺中市,1001907,南屯區,豐樂里,228876
10019,臺中市,1001907,南屯區,田心里,135467
10019,臺中市,1001907,南屯區,總計,2247716
10019,臺中市,1001908,北屯區,松竹里,120832
10019,臺中市,1001908,北屯區,三和里,98510
10019,臺中市,1001908,北屯區,三光里,113484
10019,臺中市,1001908,北屯區,大德里,85818
10019,臺中市,1001908,北屯區,舊社里,99374
10019,臺中市,1001908,北屯區,東山里,35276
10019,臺中市,1001908,北屯區,水湳里,56584
10019,臺中市,1001908,北屯區,東光里,62715
10019,臺中市,1001908,北屯區,平興里,54515
10019,臺中市,1001908,北屯區,平田里,7477
10019,臺中市,1001908,北屯區,平昌里,9487
10019,臺中市,1001908,北屯區,陳平里,79291
10019,臺中市,1001908,北屯區,忠平里,66645
10019,臺中市,1001908,北屯區,四民里,35950
10019,臺中市,1001908,北屯區,松勇里,82490
10019,臺中市,1001908,北屯區,軍功里,147209
10019,臺中市,1001908,北屯區,北屯里,43695
10019,臺中市,1001908,北屯區,北京里,55928
10019,臺中市,1001908,北屯區,平德里,1795
10019,臺中市,1001908,北屯區,同榮里,92839
10019,臺中市,1001908,北屯區,新平里,174
10019,臺中市,1001908,北屯區,平福里,14205
10019,臺中市,1001908,北屯區,平安里,5954
10019,臺中市,1001908,北屯區,北興里,54554
10019,臺中市,1001908,北屯區,平和里,2482
10019,臺中市,1001908,北屯區,平陽里,12238
10019,臺中市,1001908,北屯區,平心里,1083
10019,臺中市,1001908,北屯區,仁愛里,21772
10019,臺中市,1001908,北屯區,松安里,72092
10019,臺中市,1001908,北屯區,大坑里,36711
10019,臺中市,1001908,北屯區,平順里,21538
10019,臺中市,1001908,北屯區,后庄里,157737
10019,臺中市,1001908,北屯區,松茂里,88838
10019,臺中市,1001908,北屯區,民德里,13162
10019,臺中市,1001908,北屯區,廍子里,22366
10019,臺中市,1001908,北屯區,松和里,103306
10019,臺中市,1001908,北屯區,松強里,84661
10019,臺中市,1001908,北屯區,民政里,20472
10019,臺中市,1001908,北屯區,和平里,140445
10019,臺中市,1001908,北屯區,仁和里,152978
10019,臺中市,1001908,北屯區,仁美里,130717
10019,臺中市,1001908,北屯區,水景里,193087
10019,臺中市,1001908,北屯區,總計,2700486
10019,臺中市,1000601,豐原區,陽明里,35641
10019,臺中市,1000601,豐原區,中陽里,96470
10019,臺中市,1000601,豐原區,南陽里,157794
10019,臺中市,1000601,豐原區,中山里,7209
10019,臺中市,1000601,豐原區,田心里,61371
10019,臺中市,1000601,豐原區,社皮里,3757
10019,臺中市,1000601,豐原區,東湳里,57675
10019,臺中市,1000601,豐原區,東勢里,2442
10019,臺中市,1000601,豐原區,翁子里,54523
10019,臺中市,1000601,豐原區,葫蘆里,1328
10019,臺中市,1000601,豐原區,下街里,20515
10019,臺中市,1000601,豐原區,民生里,1813
10019,臺中市,1000601,豐原區,豐西里,893
10019,臺中市,1000601,豐原區,豐圳里,6447
10019,臺中市,1000601,豐原區,中興里,0
10019,臺中市,1000601,豐原區,富春里,0
10019,臺中市,1000601,豐原區,西湳里,4170
10019,臺中市,1000601,豐原區,三村里,624
10019,臺中市,1000601,豐原區,圳寮里,794
10019,臺中市,1000601,豐原區,大湳里,41413
10019,臺中市,1000601,豐原區,朴子里,38450
10019,臺中市,1000601,豐原區,南嵩里,59452
10019,臺中市,1000601,豐原區,翁明里,31070
10019,臺中市,1000601,豐原區,西安里,2052
10019,臺中市,1000601,豐原區,豐原里,48126
10019,臺中市,1000601,豐原區,頂街里,24357
10019,臺中市,1000601,豐原區,翁社里,29345
10019,臺中市,1000601,豐原區,南田里,49646
10019,臺中市,1000601,豐原區,豐田里,155753
10019,臺中市,1000601,豐原區,北湳里,52203
10019,臺中市,1000601,豐原區,豐榮里,35524
10019,臺中市,1000601,豐原區,東陽里,25451
10019,臺中市,1000601,豐原區,西勢里,5829
10019,臺中市,1000601,豐原區,南村里,111972
10019,臺中市,1000601,豐原區,北陽里,192259
10019,臺中市,1000601,豐原區,鎌村里,66043
10019,臺中市,1000601,豐原區,總計,1482411
10019,臺中市,1000602,東勢區,東新里,6243
10019,臺中市,1000602,東勢區,慶東里,20754
10019,臺中市,1000602,東勢區,南平里,34185
10019,臺中市,1000602,東勢區,廣興里,241
10019,臺中市,1000602,東勢區,茂興里,4342
10019,臺中市,1000602,東勢區,上新里,1379
10019,臺中市,1000602,東勢區,上城里,11761
10019,臺中市,1000602,東勢區,隆興里,8855
10019,臺中市,1000602,東勢區,泰昌里,3000
10019,臺中市,1000602,東勢區,北興里,329
10019,臺中市,1000602,東勢區,延平里,40496
10019,臺中市,1000602,東勢區,慶福里,90
10019,臺中市,1000602,東勢區,粵寧里,164
10019,臺中市,1000602,東勢區,下新里,0
10019,臺中市,1000602,東勢區,興隆里,0
10019,臺中市,1000602,東勢區,泰興里,0
10019,臺中市,1000602,東勢區,埤頭里,0
10019,臺中市,1000602,東勢區,中嵙里,0
10019,臺中市,1000602,東勢區,中寧里,162
10019,臺中市,1000602,東勢區,明正里,5844
10019,臺中市,1000602,東勢區,下城里,2828
10019,臺中市,1000602,東勢區,詒福里,9590
10019,臺中市,1000602,東勢區,新盛里,62924
10019,臺中市,1000602,東勢區,東安里,25418
10019,臺中市,1000602,東勢區,福隆里,43216
10019,臺中市,1000602,東勢區,總計,281821
10019,臺中市,1000603,大甲區,文武里,46112
10019,臺中市,1000603,大甲區,薰風里,5696
10019,臺中市,1000603,大甲區,武曲里,15981
10019,臺中市,1000603,大甲區,頂店里,14
10019,臺中市,1000603,大甲區,銅安里,6959
10019,臺中市,1000603,大甲區,新美里,60268
10019,臺中市,1000603,大甲區,西岐里,7614
10019,臺中市,1000603,大甲區,武陵里,2478
10019,臺中市,1000603,大甲區,義和里,40384
10019,臺中市,1000603,大甲區,建興里,7836
10019,臺中市,1000603,大甲區,平安里,29038
10019,臺中市,1000603,大甲區,朝陽里,529
10019,臺中市,1000603,大甲區,中山里,36
10019,臺中市,1000603,大甲區,奉化里,15
10019,臺中市,1000603,大甲區,德化里,0
10019,臺中市,1000603,大甲區,江南里,0
10019,臺中市,1000603,大甲區,岷山里,1683
10019,臺中市,1000603,大甲區,南陽里,314
10019,臺中市,1000603,大甲區,孔門里,9153
10019,臺中市,1000603,大甲區,庄美里,58087
10019,臺中市,1000603,大甲區,文曲里,1631
10019,臺中市,1000603,大甲區,龍泉里,6769
10019,臺中市,1000603,大甲區,福德里,10151
10019,臺中市,1000603,大甲區,幸福里,15959
10019,臺中市,1000603,大甲區,太白里,6963
10019,臺中市,1000603,大甲區,大甲里,2497
10019,臺中市,1000603,大甲區,順天里,28555
10019,臺中市,1000603,大甲區,孟春里,56437
10019,臺中市,1000603,大甲區,日南里,66737
10019,臺中市,1000603,大甲區,總計,487896
10019,臺中市,1000604,清水區,吳厝里,34662
10019,臺中市,1000604,清水區,靈泉里,14344
10019,臺中市,1000604,清水區,南寧里,34047
10019,臺中市,1000604,清水區,清水里,31625
10019,臺中市,1000604,清水區,中社里,43271
10019,臺中市,1000604,清水區,下湳里,16692
10019,臺中市,1000604,清水區,中興里,7190
10019,臺中市,1000604,清水區,頂湳里,624
10019,臺中市,1000604,清水區,文昌里,14403
10019,臺中市,1000604,清水區,高西里,294
10019,臺中市,1000604,清水區,高美里,2560
10019,臺中市,1000604,清水區,高北里,34
10019,臺中市,1000604,清水區,高東里,108
10019,臺中市,1000604,清水區,田寮里,13028
10019,臺中市,1000604,清水區,裕嘉里,9486
10019,臺中市,1000604,清水區,臨江里,3874
10019,臺中市,1000604,清水區,菁埔里,4859
10019,臺中市,1000604,清水區,西寧里,22210
10019,臺中市,1000604,清水區,高南里,1905
10019,臺中市,1000604,清水區,北寧里,9707
10019,臺中市,1000604,清水區,武鹿里,6810
10019,臺中市,1000604,清水區,秀水里,14634
10019,臺中市,1000604,清水區,東山里,20252
10019,臺中市,1000604,清水區,海風里,21824
10019,臺中市,1000604,清水區,國姓里,7692
10019,臺中市,1000604,清水區,鰲峰里,16519
10019,臺中市,1000604,清水區,橋頭里,69041
10019,臺中市,1000604,清水區,海濱里,12550
10019,臺中市,1000604,清水區,西社里,30710
10019,臺中市,1000604,清水區,楊厝里,20785
10019,臺中市,1000604,清水區,南社里,108334
10019,臺中市,1000604,清水區,槺榔里,33428
10019,臺中市,1000604,清水區,總計,627502
10019,臺中市,1000605,沙鹿區,興仁里,56771
10019,臺中市,1000605,沙鹿區,沙鹿里,14303
10019,臺中市,1000605,沙鹿區,居仁里,15319
10019,臺中市,1000605,沙鹿區,竹林里,23181
10019,臺中市,1000605,沙鹿區,晉江里,15562
10019,臺中市,1000605,沙鹿區,洛泉里,8627
10019,臺中市,1000605,沙鹿區,斗抵里,47748
10019,臺中市,1000605,沙鹿區,埔子里,349
10019,臺中市,1000605,沙鹿區,六路里,9
10019,臺中市,1000605,沙鹿區,南勢里,0
10019,臺中市,1000605,沙鹿區,犁分里,0
10019,臺中市,1000605,沙鹿區,三鹿里,42
10019,臺中市,1000605,沙鹿區,福興里,88
10019,臺中市,1000605,沙鹿區,鹿峰里,34539
10019,臺中市,1000605,沙鹿區,清泉里,33652
10019,臺中市,1000605,沙鹿區,美仁里,10767
10019,臺中市,1000605,沙鹿區,西勢里,37705
10019,臺中市,1000605,沙鹿區,興安里,24860
10019,臺中市,1000605,沙鹿區,公明里,60622
10019,臺中市,1000605,沙鹿區,鹿寮里,87296
10019,臺中市,1000605,沙鹿區,北勢里,7422
10019,臺中市,1000605,沙鹿區,總計,478862
10019,臺中市,1000606,梧棲區,安仁里,9867
10019,臺中市,1000606,梧棲區,大庄里,13864
10019,臺中市,1000606,梧棲區,文化里,1027
10019,臺中市,1000606,梧棲區,中正里,941
10019,臺中市,1000606,梧棲區,頂寮里,1513
10019,臺中市,1000606,梧棲區,中和里,458
10019,臺中市,1000606,梧棲區,福德里,1252
10019,臺中市,1000606,梧棲區,興農里,0
10019,臺中市,1000606,梧棲區,永寧里,0
10019,臺中市,1000606,梧棲區,永安里,0
10019,臺中市,1000606,梧棲區,下寮里,1390
10019,臺中市,1000606,梧棲區,大村里,1137
10019,臺中市,1000606,梧棲區,草湳里,28417
10019,臺中市,1000606,梧棲區,南簡里,12081
10019,臺中市,1000606,梧棲區,總計,71947
10019,臺中市,1000607,后里區,月眉里,28289
10019,臺中市,1000607,后里區,廣福里,22039
10019,臺中市,1000607,后里區,舊社里,29672
10019,臺中市,1000607,后里區,后里里,35263
10019,臺中市,1000607,后里區,中和里,36197
10019,臺中市,1000607,后里區,義里里,149
10019,臺中市,1000607,后里區,聯合里,1207
10019,臺中市,1000607,后里區,義德里,579
10019,臺中市,1000607,后里區,公館里,60
10019,臺中市,1000607,后里區,泰安里,428
10019,臺中市,1000607,后里區,仁里里,204
10019,臺中市,1000607,后里區,眉山里,22502
10019,臺中市,1000607,后里區,太平里,17367
10019,臺中市,1000607,后里區,厚里里,37532
10019,臺中市,1000607,后里區,墩西里,29827
10019,臺中市,1000607,后里區,墩東里,37962
10019,臺中市,1000607,后里區,墩南里,50585
10019,臺中市,1000607,后里區,墩北里,62641
10019,臺中市,1000607,后里區,總計,412503
10019,臺中市,1000608,神岡區,神岡里,1017
10019,臺中市,1000608,神岡區,岸裡里,2140
10019,臺中市,1000608,神岡區,社南里,2987
10019,臺中市,1000608,神岡區,溪洲里,85
10019,臺中市,1000608,神岡區,圳前里,9527
10019,臺中市,1000608,神岡區,神洲里,2
10019,臺中市,1000608,神岡區,三角里,90
10019,臺中市,1000608,神岡區,大社里,99
10019,臺中市,1000608,神岡區,庄前里,0
10019,臺中市,1000608,神岡區,北庄里,0
10019,臺中市,1000608,神岡區,庄後里,0
10019,臺中市,1000608,神岡區,山皮里,102
10019,臺中市,1000608,神岡區,新庄里,65607
10019,臺中市,1000608,神岡區,社口里,462
10019,臺中市,1000608,神岡區,豐洲里,2575
10019,臺中市,1000608,神岡區,圳堵里,41375
10019,臺中市,1000608,神岡區,總計,126068
10019,臺中市,1000609,潭子區,潭秀里,20307
10019,臺中市,1000609,潭子區,福仁里,1263
10019,臺中市,1000609,潭子區,聚興里,8884
10019,臺中市,1000609,潭子區,新田里,110
10019,臺中市,1000609,潭子區,潭陽里,14313
10019,臺中市,1000609,潭子區,潭北里,8877
10019,臺中市,1000609,潭子區,頭家東里,18196
10019,臺中市,1000609,潭子區,大富里,37539
10019,臺中市,1000609,潭子區,栗林里,19907
10019,臺中市,1000609,潭子區,嘉仁里,46386
10019,臺中市,1000609,潭子區,大豐里,98041
10019,臺中市,1000609,潭子區,頭家里,153591
10019,臺中市,1000609,潭子區,家福里,13899
10019,臺中市,1000609,潭子區,甘蔗里,141196
10019,臺中市,1000609,潭子區,家興里,49005
10019,臺中市,1000609,潭子區,東寶里,179022
10019,臺中市,1000609,潭子區,總計,810536
10019,臺中市,1000610,大雅區,秀山里,49396
10019,臺中市,1000610,大雅區,上楓里,52968
10019,臺中市,1000610,大雅區,橫山里,47730
10019,臺中市,1000610,大雅區,員林里,587
10019,臺中市,1000610,大雅區,四德里,49871
10019,臺中市,1000610,大雅區,上雅里,2984
10019,臺中市,1000610,大雅區,大雅里,2650
10019,臺中市,1000610,大雅區,大楓里,3184
10019,臺中市,1000610,大雅區,二和里,25633
10019,臺中市,1000610,大雅區,雅楓里,3782
10019,臺中市,1000610,大雅區,三和里,84382
10019,臺中市,1000610,大雅區,忠義里,51980
10019,臺中市,1000610,大雅區,文雅里,25037
10019,臺中市,1000610,大雅區,六寶里,70974
10019,臺中市,1000610,大雅區,西寶里,44199
10019,臺中市,1000610,大雅區,總計,515357
10019,臺中市,1000611,新社區,復盛里,17698
10019,臺中市,1000611,新社區,崑山里,6408
10019,臺中市,1000611,新社區,東興里,188
10019,臺中市,1000611,新社區,慶西里,0
10019,臺中市,1000611,新社區,中和里,0
10019,臺中市,1000611,新社區,福興里,0
10019,臺中市,1000611,新社區,新社里,0
10019,臺中市,1000611,新社區,月湖里,0
10019,臺中市,1000611,新社區,中正里,1652
10019,臺中市,1000611,新社區,大南里,7829
10019,臺中市,1000611,新社區,永源里,10032
10019,臺中市,1000611,新社區,中興里,16300
10019,臺中市,1000611,新社區,協成里,38058
10019,臺中市,1000611,新社區,總計,98165
10019,臺中市,1000612,石岡區,金星里,15053
10019,臺中市,1000612,石岡區,和盛里,63
10019,臺中市,1000612,石岡區,德興里,0
10019,臺中市,1000612,石岡區,九房里,13344
10019,臺中市,1000612,石岡區,龍興里,4909
10019,臺中市,1000612,石岡區,土牛里,1642
10019,臺中市,1000612,石岡區,石岡里,18276
10019,臺中市,1000612,石岡區,梅子里,9817
10019,臺中市,1000612,石岡區,萬興里,13387
10019,臺中市,1000612,石岡區,萬安里,20232
10019,臺中市,1000612,石岡區,總計,96723
10019,臺中市,1000613,外埔區,土城里,276
10019,臺中市,1000613,外埔區,廍子里,0
10019,臺中市,1000613,外埔區,大東里,0
10019,臺中市,1000613,外埔區,馬鳴里,0
10019,臺中市,1000613,外埔區,中山里,0
10019,臺中市,1000613,外埔區,鐵山里,0
10019,臺中市,1000613,外埔區,永豐里,4873
10019,臺中市,1000613,外埔區,水美里,667
10019,臺中市,1000613,外埔區,大同里,939
10019,臺中市,1000613,外埔區,三崁里,15943
10019,臺中市,1000613,外埔區,六分里,7177
10019,臺中市,1000613,外埔區,總計,29875
10019,臺中市,1000614,大安區,中庄里,10039
10019,臺中市,1000614,大安區,南埔里,2920
10019,臺中市,1000614,大安區,福住里,253
10019,臺中市,1000614,大安區,南庄里,622
10019,臺中市,1000614,大安區,頂安里,568
10019,臺中市,1000614,大安區,東安里,2916
10019,臺中市,1000614,大安區,西安里,1688
10019,臺中市,1000614,大安區,永安里,4254
10019,臺中市,1000614,大安區,龜売里,932
10019,臺中市,1000614,大安區,海墘里,3248
10019,臺中市,1000614,大安區,松雅里,4916
10019,臺中市,1000614,大安區,福興里,4314
10019,臺中市,1000614,大安區,總計,36670
10019,臺中市,1000615,烏日區,榮泉里,29466
10019,臺中市,1000615,烏日區,東園里,38234
10019,臺中市,1000615,烏日區,九德里,1869
10019,臺中市,1000615,烏日區,北里里,147
10019,臺中市,1000615,烏日區,南里里,0
10019,臺中市,1000615,烏日區,溪埧里,505
10019,臺中市,1000615,烏日區,螺潭里,121
10019,臺中市,1000615,烏日區,溪尾里,128
10019,臺中市,1000615,烏日區,前竹里,11056
10019,臺中市,1000615,烏日區,仁德里,3875
10019,臺中市,1000615,烏日區,五光里,19456
10019,臺中市,1000615,烏日區,湖日里,42096
10019,臺中市,1000615,烏日區,光明里,33545
10019,臺中市,1000615,烏日區,烏日里,149609
10019,臺中市,1000615,烏日區,三和里,54775
10019,臺中市,1000615,烏日區,學田里,35486
10019,臺中市,1000615,烏日區,總計,420368
10019,臺中市,1000616,大肚區,山陽里,4890
10019,臺中市,1000616,大肚區,社腳里,8030
10019,臺中市,1000616,大肚區,成功里,4982
10019,臺中市,1000616,大肚區,永和里,11042
10019,臺中市,1000616,大肚區,營埔里,4528
10019,臺中市,1000616,大肚區,自強里,9889
10019,臺中市,1000616,大肚區,大肚里,29810
10019,臺中市,1000616,大肚區,瑞井里,75408
10019,臺中市,1000616,大肚區,大東里,37146
10019,臺中市,1000616,大肚區,王田里,19949
10019,臺中市,1000616,大肚區,永順里,15911
10019,臺中市,1000616,大肚區,中和里,12365
10019,臺中市,1000616,大肚區,福山里,36591
10019,臺中市,1000616,大肚區,新興里,39383
10019,臺中市,1000616,大肚區,磺溪里,13067
10019,臺中市,1000616,大肚區,頂街里,105191
10019,臺中市,1000616,大肚區,蔗廍里,62111
10019,臺中市,1000616,大肚區,總計,490293
10019,臺中市,1000617,龍井區,龍東里,113
10019,臺中市,1000617,龍井區,龍津里,185
10019,臺中市,1000617,龍井區,山腳里,50562
10019,臺中市,1000617,龍井區,東海里,2167
10019,臺中市,1000617,龍井區,麗水里,373
10019,臺中市,1000617,龍井區,三德里,0
10019,臺中市,1000617,龍井區,龍西里,0
10019,臺中市,1000617,龍井區,福田里,0
10019,臺中市,1000617,龍井區,忠和里,27
10019,臺中市,1000617,龍井區,田中里,1124
10019,臺中市,1000617,龍井區,竹坑里,26443
10019,臺中市,1000617,龍井區,南寮里,13934
10019,臺中市,1000617,龍井區,龍崗里,20208
10019,臺中市,1000617,龍井區,新庄里,86678
10019,臺中市,1000617,龍井區,龍泉里,60465
10019,臺中市,1000617,龍井區,新東里,211135
10019,臺中市,1000617,龍井區,總計,473414
10019,臺中市,1000618,霧峰區,舊正里,6446
10019,臺中市,1000618,霧峰區,本堂里,21474
10019,臺中市,1000618,霧峰區,坑口里,50860
10019,臺中市,1000618,霧峰區,南勢里,545
10019,臺中市,1000618,霧峰區,萊園里,1091
10019,臺中市,1000618,霧峰區,桐林里,1189
10019,臺中市,1000618,霧峰區,中正里,423
10019,臺中市,1000618,霧峰區,錦榮里,0
10019,臺中市,1000618,霧峰區,五福里,2855
10019,臺中市,1000618,霧峰區,四德里,9692
10019,臺中市,1000618,霧峰區,本鄉里,2525
10019,臺中市,1000618,霧峰區,北勢里,3821
10019,臺中市,1000618,霧峰區,六股里,22473
10019,臺中市,1000618,霧峰區,北柳里,25144
10019,臺中市,1000618,霧峰區,南柳里,44165
10019,臺中市,1000618,霧峰區,峰谷里,13994
10019,臺中市,1000618,霧峰區,吉峰里,85505
10019,臺中市,1000618,霧峰區,甲寅里,30233
10019,臺中市,1000618,霧峰區,丁台里,3980
10019,臺中市,1000618,霧峰區,萬豐里,12371
10019,臺中市,1000618,霧峰區,總計,338786
10019,臺中市,1000619,太平區,中政里,21285
10019,臺中市,1000619,太平區,新高里,56201
10019,臺中市,1000619,太平區,新福里,83629
10019,臺中市,1000619,太平區,永平里,54771
10019,臺中市,1000619,太平區,德隆里,34060
10019,臺中市,1000619,太平區,光華里,278
10019,臺中市,1000619,太平區,福隆里,36924
10019,臺中市,1000619,太平區,宜佳里,94813
10019,臺中市,1000619,太平區,頭汴里,14755
10019,臺中市,1000619,太平區,新興里,27454
10019,臺中市,1000619,太平區,新坪里,67881
10019,臺中市,1000619,太平區,成功里,18331
10019,臺中市,1000619,太平區,勤益里,6832
10019,臺中市,1000619,太平區,宜昌里,55736
10019,臺中市,1000619,太平區,坪林里,1936
10019,臺中市,1000619,太平區,聖和里,17062
10019,臺中市,1000619,太平區,建國里,701
10019,臺中市,1000619,太平區,平安里,42
10019,臺中市,1000619,太平區,太平里,3326
10019,臺中市,1000619,太平區,永成里,192
10019,臺中市,1000619,太平區,新城里,4100
10019,臺中市,1000619,太平區,建興里,0
10019,臺中市,1000619,太平區,黃竹里,0
10019,臺中市,1000619,太平區,大興里,0
10019,臺中市,1000619,太平區,豐年里,94
10019,臺中市,1000619,太平區,中山里,776
10019,臺中市,1000619,太平區,東汴里,6883
10019,臺中市,1000619,太平區,新吉里,26861
10019,臺中市,1000619,太平區,長億里,2233
10019,臺中市,1000619,太平區,永隆里,25374
10019,臺中市,1000619,太平區,東和里,26568
10019,臺中市,1000619,太平區,新光里,100202
10019,臺中市,1000619,太平區,興隆里,15189
10019,臺中市,1000619,太平區,東平里,59826
10019,臺中市,1000619,太平區,光明里,6867
10019,臺中市,1000619,太平區,宜欣里,87463
10019,臺中市,1000619,太平區,光隆里,19572
10019,臺中市,1000619,太平區,中平里,47706
10019,臺中市,1000619,太平區,中興里,60696
10019,臺中市,1000619,太平區,總計,1086619
10019,臺中市,1000620,大里區,國光里,21751
10019,臺中市,1000620,大里區,塗城里,160
10019,臺中市,1000620,大里區,大明里,55253
10019,臺中市,1000620,大里區,西湖里,143
10019,臺中市,1000620,大里區,大元里,54938
10019,臺中市,1000620,大里區,瑞城里,299
10019,臺中市,1000620,大里區,仁德里,666
10019,臺中市,1000620,大里區,新仁里,88321
10019,臺中市,1000620,大里區,健民里,496
10019,臺中市,1000620,大里區,東興里,27314
10019,臺中市,1000620,大里區,日新里,47557
10019,臺中市,1000620,大里區,金城里,722
10019,臺中市,1000620,大里區,夏田里,7370
10019,臺中市,1000620,大里區,東湖里,1219
10019,臺中市,1000620,大里區,立德里,90288
10019,臺中市,1000620,大里區,長榮里,21301
10019,臺中市,1000620,大里區,東昇里,35141
10019,臺中市,1000620,大里區,樹王里,16501
10019,臺中市,1000620,大里區,大里里,35235
10019,臺中市,1000620,大里區,仁化里,8071
10019,臺中市,1000620,大里區,西榮里,48877
10019,臺中市,1000620,大里區,祥興里,99228
10019,臺中市,1000620,大里區,永隆里,141822
10019,臺中市,1000620,大里區,中新里,73973
10019,臺中市,1000620,大里區,新里里,127892
10019,臺中市,1000620,大里區,內新里,127424
10019,臺中市,1000620,大里區,立仁里,73952
10019,臺中市,1000620,大里區,總計,1205914
10019,臺中市,1000621,和平區,博愛里,120
10019,臺中市,1000621,和平區,南勢里,0
10019,臺中市,1000621,和平區,天輪里,0
10019,臺中市,1000621,和平區,自由里,0
10019,臺中市,1000621,和平區,達觀里,0
10019,臺中市,1000621,和平區,平等里,3
10019,臺中市,1000621,和平區,中坑里,496
10019,臺中市,1000621,和平區,梨山里,7712
10019,臺中市,1000621,和平區,總計,8331
10021,臺南市,1002101,東　區,大學里,42167
10021,臺南市,1002101,東　區,忠孝里,20422
10021,臺南市,1002101,東　區,崇成里,10745
10021,臺南市,1002101,東　區,東門里,7227
10021,臺南市,1002101,東　區,大福里,298
10021,臺南市,1002101,東　區,小東里,3312
10021,臺南市,1002101,東　區,崇學里,2597
10021,臺南市,1002101,東　區,崇德里,1329
10021,臺南市,1002101,東　區,中西里,12549
10021,臺南市,1002101,東　區,崇明里,7248
10021,臺南市,1002101,東　區,文聖里,1008
10021,臺南市,1002101,東　區,裕聖里,1280
10021,臺南市,1002101,東　區,龍山里,2146
10021,臺南市,1002101,東　區,崇文里,363
10021,臺南市,1002101,東　區,自強里,1245
10021,臺南市,1002101,東　區,東聖里,1067
10021,臺南市,1002101,東　區,富強里,23
10021,臺南市,1002101,東　區,新東里,43
10021,臺南市,1002101,東　區,富裕里,0
10021,臺南市,1002101,東　區,裕農里,0
10021,臺南市,1002101,東　區,大智里,0
10021,臺南市,1002101,東　區,泉南里,0
10021,臺南市,1002101,東　區,仁和里,0
10021,臺南市,1002101,東　區,和平里,0
10021,臺南市,1002101,東　區,路東里,0
10021,臺南市,1002101,東　區,東安里,0
10021,臺南市,1002101,東　區,衛國里,0
10021,臺南市,1002101,東　區,崇善里,0
10021,臺南市,1002101,東　區,虎尾里,0
10021,臺南市,1002101,東　區,崇誨里,0
10021,臺南市,1002101,東　區,東明里,0
10021,臺南市,1002101,東　區,崇信里,0
10021,臺南市,1002101,東　區,南聖里,0
10021,臺南市,1002101,東　區,大同里,203
10021,臺南市,1002101,東　區,大德里,125
10021,臺南市,1002101,東　區,東光里,3141
10021,臺南市,1002101,東　區,德高里,621
10021,臺南市,1002101,東　區,圍下里,2205
10021,臺南市,1002101,東　區,關聖里,637
10021,臺南市,1002101,東　區,德光里,1215
10021,臺南市,1002101,東　區,莊敬里,1172
10021,臺南市,1002101,東　區,東智里,4487
10021,臺南市,1002101,東　區,後甲里,2219
10021,臺南市,1002101,東　區,復興里,7893
10021,臺南市,1002101,東　區,成大里,23403
10021,臺南市,1002101,東　區,總計,162390
10021,臺南市,1002102,南　區,白雪里,8319
10021,臺南市,1002102,南　區,新昌里,64033
10021,臺南市,1002102,南　區,開南里,75217
10021,臺南市,1002102,南　區,光明里,43061
10021,臺南市,1002102,南　區,日新里,25702
10021,臺南市,1002102,南　區,大恩里,48064
10021,臺南市,1002102,南　區,彰南里,28424
10021,臺南市,1002102,南　區,南華里,34447
10021,臺南市,1002102,南　區,大成里,18010
10021,臺南市,1002102,南　區,鯤鯓里,24813
10021,臺南市,1002102,南　區,同安里,36197
10021,臺南市,1002102,南　區,廣州里,41525
10021,臺南市,1002102,南　區,明德里,18951
10021,臺南市,1002102,南　區,國宅里,55389
10021,臺南市,1002102,南　區,永寧里,27555
10021,臺南市,1002102,南　區,松安里,22424
10021,臺南市,1002102,南　區,文南里,93879
10021,臺南市,1002102,南　區,喜北里,29725
10021,臺南市,1002102,南　區,興農里,26185
10021,臺南市,1002102,南　區,喜南里,13935
10021,臺南市,1002102,南　區,荔宅里,4877
10021,臺南市,1002102,南　區,大林里,37312
10021,臺南市,1002102,南　區,田寮里,51092
10021,臺南市,1002102,南　區,喜東里,33646
10021,臺南市,1002102,南　區,大忠里,72305
10021,臺南市,1002102,南　區,佛壇里,40065
10021,臺南市,1002102,南　區,文華里,62349
10021,臺南市,1002102,南　區,明興里,53521
10021,臺南市,1002102,南　區,明亮里,55133
10021,臺南市,1002102,南　區,府南里,70846
10021,臺南市,1002102,南　區,再興里,41163
10021,臺南市,1002102,南　區,南都里,32343
10021,臺南市,1002102,南　區,省躬里,47787
10021,臺南市,1002102,南　區,竹溪里,46761
10021,臺南市,1002102,南　區,金華里,94900
10021,臺南市,1002102,南　區,郡南里,47988
10021,臺南市,1002102,南　區,新興里,51235
10021,臺南市,1002102,南　區,建南里,73859
10021,臺南市,1002102,南　區,新生里,59563
10021,臺南市,1002102,南　區,總計,1712600
10021,臺南市,1002104,北　區,公園里,52664
10021,臺南市,1002104,北　區,仁愛里,30126
10021,臺南市,1002104,北　區,興南里,29499
10021,臺南市,1002104,北　區,六甲里,43146
10021,臺南市,1002104,北　區,大和里,55692
10021,臺南市,1002104,北　區,東興里,3402
10021,臺南市,1002104,北　區,成功里,70572
10021,臺南市,1002104,北　區,正覺里,53602
10021,臺南市,1002104,北　區,國姓里,29338
10021,臺南市,1002104,北　區,永祥里,39228
10021,臺南市,1002104,北　區,大港里,80451
10021,臺南市,1002104,北　區,安民里,19324
10021,臺南市,1002104,北　區,延平里,25368
10021,臺南市,1002104,北　區,正風里,29154
10021,臺南市,1002104,北　區,小康里,27925
10021,臺南市,1002104,北　區,賢北里,62588
10021,臺南市,1002104,北　區,大道里,11417
10021,臺南市,1002104,北　區,五福里,15467
10021,臺南市,1002104,北　區,實踐里,30247
10021,臺南市,1002104,北　區,興北里,19641
10021,臺南市,1002104,北　區,大山里,15
10021,臺南市,1002104,北　區,新勝里,0
10021,臺南市,1002104,北　區,華興里,0
10021,臺南市,1002104,北　區,振興里,0
10021,臺南市,1002104,北　區,重興里,0
10021,臺南市,1002104,北　區,國興里,0
10021,臺南市,1002104,北　區,長榮里,0
10021,臺南市,1002104,北　區,元寶里,0
10021,臺南市,1002104,北　區,大仁里,232
10021,臺南市,1002104,北　區,力行里,1980
10021,臺南市,1002104,北　區,長德里,20964
10021,臺南市,1002104,北　區,勝安里,1023
10021,臺南市,1002104,北　區,玉皇里,27026
10021,臺南市,1002104,北　區,三德里,21747
10021,臺南市,1002104,北　區,光武里,8982
10021,臺南市,1002104,北　區,開元里,8332
10021,臺南市,1002104,北　區,文成里,66989
10021,臺南市,1002104,北　區,和順里,125547
10021,臺南市,1002104,北　區,裕民里,25329
10021,臺南市,1002104,北　區,中樓里,11637
10021,臺南市,1002104,北　區,大豐里,91066
10021,臺南市,1002104,北　區,文元里,119652
10021,臺南市,1002104,北　區,成德里,219489
10021,臺南市,1002104,北　區,總計,1478861
10021,臺南市,1002106,安南區,塩田里,232
10021,臺南市,1002106,安南區,顯宮里,3686
10021,臺南市,1002106,安南區,淵東里,2688
10021,臺南市,1002106,安南區,大安里,215
10021,臺南市,1002106,安南區,公塭里,5900
10021,臺南市,1002106,安南區,安慶里,3250
10021,臺南市,1002106,安南區,安順里,2962
10021,臺南市,1002106,安南區,城東里,3022
10021,臺南市,1002106,安南區,淵中里,1983
10021,臺南市,1002106,安南區,州北里,1646
10021,臺南市,1002106,安南區,溪心里,261
10021,臺南市,1002106,安南區,溪頂里,309
10021,臺南市,1002106,安南區,青草里,122
10021,臺南市,1002106,安南區,鳳凰里,456
10021,臺南市,1002106,安南區,城北里,2080
10021,臺南市,1002106,安南區,南興里,107
10021,臺南市,1002106,安南區,總頭里,17
10021,臺南市,1002106,安南區,公親里,0
10021,臺南市,1002106,安南區,海東里,0
10021,臺南市,1002106,安南區,海西里,0
10021,臺南市,1002106,安南區,海南里,0
10021,臺南市,1002106,安南區,安東里,0
10021,臺南市,1002106,安南區,安西里,0
10021,臺南市,1002106,安南區,頂安里,0
10021,臺南市,1002106,安南區,塭南里,0
10021,臺南市,1002106,安南區,新順里,0
10021,臺南市,1002106,安南區,砂崙里,0
10021,臺南市,1002106,安南區,鹿耳里,348
10021,臺南市,1002106,安南區,四草里,194
10021,臺南市,1002106,安南區,安和里,0
10021,臺南市,1002106,安南區,溪北里,0
10021,臺南市,1002106,安南區,城中里,0
10021,臺南市,1002106,安南區,城南里,0
10021,臺南市,1002106,安南區,淵西里,0
10021,臺南市,1002106,安南區,佃東里,0
10021,臺南市,1002106,安南區,理想里,0
10021,臺南市,1002106,安南區,溪墘里,0
10021,臺南市,1002106,安南區,海佃里,0
10021,臺南市,1002106,安南區,幸福里,0
10021,臺南市,1002106,安南區,布袋里,0
10021,臺南市,1002106,安南區,國安里,0
10021,臺南市,1002106,安南區,安富里,0
10021,臺南市,1002106,安南區,溪東里,2112
10021,臺南市,1002106,安南區,東和里,629
10021,臺南市,1002106,安南區,梅花里,1455
10021,臺南市,1002106,安南區,學東里,156
10021,臺南市,1002106,安南區,長安里,849
10021,臺南市,1002106,安南區,佃西里,576
10021,臺南市,1002106,安南區,州南里,20261
10021,臺南市,1002106,安南區,原佃里,10050
10021,臺南市,1002106,安南區,城西里,22525
10021,臺南市,1002106,安南區,總計,88091
10021,臺南市,1002107,安平區,育平里,124665
10021,臺南市,1002107,安平區,西門里,23778
10021,臺南市,1002107,安平區,建平里,118095
10021,臺南市,1002107,安平區,平安里,66753
10021,臺南市,1002107,安平區,港仔里,23566
10021,臺南市,1002107,安平區,石門里,30274
10021,臺南市,1002107,安平區,海頭里,16427
10021,臺南市,1002107,安平區,怡平里,80963
10021,臺南市,1002107,安平區,國平里,141315
10021,臺南市,1002107,安平區,漁光里,7667
10021,臺南市,1002107,安平區,金城里,38944
10021,臺南市,1002107,安平區,文平里,124744
10021,臺南市,1002107,安平區,華平里,88615
10021,臺南市,1002107,安平區,億載里,51509
10021,臺南市,1002107,安平區,平通里,124252
10021,臺南市,1002107,安平區,總計,1061567
10021,臺南市,1002108,中西區,藥王里,33728
10021,臺南市,1002108,中西區,民權里,11549
10021,臺南市,1002108,中西區,水仙里,18075
10021,臺南市,1002108,中西區,民生里,14053
10021,臺南市,1002108,中西區,協和里,17859
10021,臺南市,1002108,中西區,光賢里,55516
10021,臺南市,1002108,中西區,三合里,17152
10021,臺南市,1002108,中西區,保安里,13665
10021,臺南市,1002108,中西區,民主里,18502
10021,臺南市,1002108,中西區,中正里,18072
10021,臺南市,1002108,中西區,協進里,11150
10021,臺南市,1002108,中西區,文賢里,10184
10021,臺南市,1002108,中西區,安海里,32941
10021,臺南市,1002108,中西區,大涼里,62874
10021,臺南市,1002108,中西區,西湖里,77845
10021,臺南市,1002108,中西區,普濟里,14059
10021,臺南市,1002108,中西區,郡西里,17356
10021,臺南市,1002108,中西區,赤嵌里,73692
10021,臺南市,1002108,中西區,郡王里,43353
10021,臺南市,1002108,中西區,元安里,18754
10021,臺南市,1002108,中西區,法華里,39638
10021,臺南市,1002108,中西區,開山里,22181
10021,臺南市,1002108,中西區,大南里,21099
10021,臺南市,1002108,中西區,進學里,30864
10021,臺南市,1002108,中西區,永華里,26693
10021,臺南市,1002108,中西區,銀同里,16573
10021,臺南市,1002108,中西區,萬昌里,32489
10021,臺南市,1002108,中西區,五妃里,25465
10021,臺南市,1002108,中西區,福安里,21823
10021,臺南市,1002108,中西區,青年里,26723
10021,臺南市,1002108,中西區,天后里,26816
10021,臺南市,1002108,中西區,永福里,32631
10021,臺南市,1002108,中西區,建國里,24587
10021,臺南市,1002108,中西區,公正里,64050
10021,臺南市,1002108,中西區,三民里,38738
10021,臺南市,1002108,中西區,小西里,26361
10021,臺南市,1002108,中西區,仙草里,43388
10021,臺南市,1002108,中西區,西賢里,62491
10021,臺南市,1002108,中西區,總計,1162989
10021,臺南市,1001101,新營區,嘉芳里,36513
10021,臺南市,1001101,新營區,土庫里,21422
10021,臺南市,1001101,新營區,忠政里,12509
10021,臺南市,1001101,新營區,王公里,64440
10021,臺南市,1001101,新營區,中營里,43888
10021,臺南市,1001101,新營區,大宏里,56056
10021,臺南市,1001101,新營區,護鎮里,16333
10021,臺南市,1001101,新營區,興業里,21822
10021,臺南市,1001101,新營區,永生里,19827
10021,臺南市,1001101,新營區,埤寮里,31830
10021,臺南市,1001101,新營區,民榮里,373
10021,臺南市,1001101,新營區,三仙里,3339
10021,臺南市,1001101,新營區,民權里,4746
10021,臺南市,1001101,新營區,南紙里,56860
10021,臺南市,1001101,新營區,延平里,471
10021,臺南市,1001101,新營區,五興里,13476
10021,臺南市,1001101,新營區,角帶里,4751
10021,臺南市,1001101,新營區,太北里,27491
10021,臺南市,1001101,新營區,新北里,127
10021,臺南市,1001101,新營區,舊廍里,7228
10021,臺南市,1001101,新營區,好平里,0
10021,臺南市,1001101,新營區,南興里,126
10021,臺南市,1001101,新營區,鐵線里,8804
10021,臺南市,1001101,新營區,新南里,2127
10021,臺南市,1001101,新營區,新東里,93633
10021,臺南市,1001101,新營區,姑爺里,7493
10021,臺南市,1001101,新營區,興安里,3974
10021,臺南市,1001101,新營區,民生里,3981
10021,臺南市,1001101,新營區,太南里,22162
10021,臺南市,1001101,新營區,總計,585802
10021,臺南市,1001102,鹽水區,武廟里,287
10021,臺南市,1001102,鹽水區,福得里,0
10021,臺南市,1001102,鹽水區,三生里,0
10021,臺南市,1001102,鹽水區,水正里,3
10021,臺南市,1001102,鹽水區,舊營里,110
10021,臺南市,1001102,鹽水區,汫水里,0
10021,臺南市,1001102,鹽水區,義稠里,0
10021,臺南市,1001102,鹽水區,下中里,0
10021,臺南市,1001102,鹽水區,大莊里,0
10021,臺南市,1001102,鹽水區,桐寮里,0
10021,臺南市,1001102,鹽水區,後宅里,47
10021,臺南市,1001102,鹽水區,孫厝里,0
10021,臺南市,1001102,鹽水區,竹埔里,88
10021,臺南市,1001102,鹽水區,田寮里,0
10021,臺南市,1001102,鹽水區,大豐里,0
10021,臺南市,1001102,鹽水區,飯店里,0
10021,臺南市,1001102,鹽水區,橋南里,871
10021,臺南市,1001102,鹽水區,水仙里,246
10021,臺南市,1001102,鹽水區,中境里,614
10021,臺南市,1001102,鹽水區,岸內里,134
10021,臺南市,1001102,鹽水區,水秀里,2702
10021,臺南市,1001102,鹽水區,歡雅里,6032
10021,臺南市,1001102,鹽水區,下林里,3408
10021,臺南市,1001102,鹽水區,河南里,4669
10021,臺南市,1001102,鹽水區,南港里,14277
10021,臺南市,1001102,鹽水區,總計,33488
10021,臺南市,1001103,白河區,草店里,14740
10021,臺南市,1001103,白河區,大竹里,19296
10021,臺南市,1001103,白河區,廣安里,6851
10021,臺南市,1001103,白河區,永安里,62250
10021,臺南市,1001103,白河區,蓮潭里,10302
10021,臺南市,1001103,白河區,虎山里,7750
10021,臺南市,1001103,白河區,秀祐里,11183
10021,臺南市,1001103,白河區,竹門里,11344
10021,臺南市,1001103,白河區,外角里,18249
10021,臺南市,1001103,白河區,甘宅里,6630
10021,臺南市,1001103,白河區,白河里,35064
10021,臺南市,1001103,白河區,崁頭里,3816
10021,臺南市,1001103,白河區,詔安里,10334
10021,臺南市,1001103,白河區,內角里,7678
10021,臺南市,1001103,白河區,仙草里,21809
10021,臺南市,1001103,白河區,六溪里,7708
10021,臺南市,1001103,白河區,玉豐里,15955
10021,臺南市,1001103,白河區,昇安里,18635
10021,臺南市,1001103,白河區,關嶺里,31297
10021,臺南市,1001103,白河區,庄內里,25703
10021,臺南市,1001103,白河區,崎內里,9761
10021,臺南市,1001103,白河區,大林里,7049
10021,臺南市,1001103,白河區,河東里,19343
10021,臺南市,1001103,白河區,汴頭里,8355
10021,臺南市,1001103,白河區,總計,391102
10021,臺南市,1001104,柳營區,士林里,24720
10021,臺南市,1001104,柳營區,大農里,11686
10021,臺南市,1001104,柳營區,八翁里,32966
10021,臺南市,1001104,柳營區,旭山里,29797
10021,臺南市,1001104,柳營區,太康里,33446
10021,臺南市,1001104,柳營區,東昇里,47846
10021,臺南市,1001104,柳營區,中埕里,9894
10021,臺南市,1001104,柳營區,光福里,32799
10021,臺南市,1001104,柳營區,篤農里,17309
10021,臺南市,1001104,柳營區,重溪里,27797
10021,臺南市,1001104,柳營區,人和里,14614
10021,臺南市,1001104,柳營區,果毅里,21581
10021,臺南市,1001104,柳營區,神農里,19662
10021,臺南市,1001104,柳營區,總計,324117
10021,臺南市,1001105,後壁區,竹新里,3335
10021,臺南市,1001105,後壁區,嘉苳里,2559
10021,臺南市,1001105,後壁區,平安里,525
10021,臺南市,1001105,後壁區,頂長里,101
10021,臺南市,1001105,後壁區,長安里,320
10021,臺南市,1001105,後壁區,仕安里,107
10021,臺南市,1001105,後壁區,菁寮里,0
10021,臺南市,1001105,後壁區,福安里,0
10021,臺南市,1001105,後壁區,烏樹里,0
10021,臺南市,1001105,後壁區,後廍里,0
10021,臺南市,1001105,後壁區,土溝里,0
10021,臺南市,1001105,後壁區,侯伯里,0
10021,臺南市,1001105,後壁區,新東里,0
10021,臺南市,1001105,後壁區,頂安里,0
10021,臺南市,1001105,後壁區,嘉民里,0
10021,臺南市,1001105,後壁區,菁豊里,0
10021,臺南市,1001105,後壁區,崁頂里,0
10021,臺南市,1001105,後壁區,墨林里,188
10021,臺南市,1001105,後壁區,新嘉里,191
10021,臺南市,1001105,後壁區,嘉田里,1424
10021,臺南市,1001105,後壁區,後壁里,7061
10021,臺南市,1001105,後壁區,總計,15811
10021,臺南市,1001106,東山區,科里里,5423
10021,臺南市,1001106,東山區,東中里,1424
10021,臺南市,1001106,東山區,嶺南里,6733
10021,臺南市,1001106,東山區,東原里,28437
10021,臺南市,1001106,東山區,青山里,10305
10021,臺南市,1001106,東山區,水雲里,3480
10021,臺南市,1001106,東山區,南溪里,5187
10021,臺南市,1001106,東山區,東河里,8381
10021,臺南市,1001106,東山區,南勢里,5652
10021,臺南市,1001106,東山區,聖賢里,560
10021,臺南市,1001106,東山區,林安里,3293
10021,臺南市,1001106,東山區,東正里,915
10021,臺南市,1001106,東山區,高原里,5565
10021,臺南市,1001106,東山區,三榮里,0
10021,臺南市,1001106,東山區,大客里,0
10021,臺南市,1001106,東山區,東山里,0
10021,臺南市,1001106,東山區,總計,85355
10021,臺南市,1001107,麻豆區,南勢里,65455
10021,臺南市,1001107,麻豆區,小埤里,7200
10021,臺南市,1001107,麻豆區,麻口里,1298
10021,臺南市,1001107,麻豆區,大埕里,50711
10021,臺南市,1001107,麻豆區,謝安里,10760
10021,臺南市,1001107,麻豆區,安東里,9475
10021,臺南市,1001107,麻豆區,磚井里,18352
10021,臺南市,1001107,麻豆區,埤頭里,3
10021,臺南市,1001107,麻豆區,中民里,10615
10021,臺南市,1001107,麻豆區,莊禮里,0
10021,臺南市,1001107,麻豆區,寮廍里,21839
10021,臺南市,1001107,麻豆區,穀興里,0
10021,臺南市,1001107,麻豆區,晋江里,0
10021,臺南市,1001107,麻豆區,巷口里,0
10021,臺南市,1001107,麻豆區,興農里,519
10021,臺南市,1001107,麻豆區,新建里,35
10021,臺南市,1001107,麻豆區,保安里,66
10021,臺南市,1001107,麻豆區,海埔里,27
10021,臺南市,1001107,麻豆區,大山里,534
10021,臺南市,1001107,麻豆區,中興里,1780
10021,臺南市,1001107,麻豆區,東角里,1060
10021,臺南市,1001107,麻豆區,安西里,10172
10021,臺南市,1001107,麻豆區,油車里,54319
10021,臺南市,1001107,麻豆區,安業里,8108
10021,臺南市,1001107,麻豆區,總榮里,9063
10021,臺南市,1001107,麻豆區,安正里,10944
10021,臺南市,1001107,麻豆區,港尾里,11346
10021,臺南市,1001107,麻豆區,龍泉里,10521
10021,臺南市,1001107,麻豆區,北勢里,25638
10021,臺南市,1001107,麻豆區,總計,339840
10021,臺南市,1001108,下營區,賀建里,19378
10021,臺南市,1001108,下營區,新興里,37945
10021,臺南市,1001108,下營區,紅厝里,14955
10021,臺南市,1001108,下營區,大屯里,14632
10021,臺南市,1001108,下營區,甲中里,12632
10021,臺南市,1001108,下營區,仁里里,995
10021,臺南市,1001108,下營區,下營里,257
10021,臺南市,1001108,下營區,茅港里,18070
10021,臺南市,1001108,下營區,中營里,14057
10021,臺南市,1001108,下營區,開化里,26133
10021,臺南市,1001108,下營區,營前里,73
10021,臺南市,1001108,下營區,宅內里,147
10021,臺南市,1001108,下營區,後街里,39
10021,臺南市,1001108,下營區,西連里,13272
10021,臺南市,1001108,下營區,大埤里,1439
10021,臺南市,1001108,下營區,總計,174024
10021,臺南市,1001109,六甲區,甲東里,10210
10021,臺南市,1001109,六甲區,水林里,28707
10021,臺南市,1001109,六甲區,龜港里,21656
10021,臺南市,1001109,六甲區,六甲里,2114
10021,臺南市,1001109,六甲區,王爺里,6501
10021,臺南市,1001109,六甲區,龍湖里,9750
10021,臺南市,1001109,六甲區,菁埔里,14616
10021,臺南市,1001109,六甲區,二甲里,3060
10021,臺南市,1001109,六甲區,中社里,30573
10021,臺南市,1001109,六甲區,七甲里,15430
10021,臺南市,1001109,六甲區,甲南里,22280
10021,臺南市,1001109,六甲區,大丘里,3500
10021,臺南市,1001109,六甲區,總計,168397
10021,臺南市,1001110,官田區,渡頭里,2969
10021,臺南市,1001110,官田區,隆本里,2124
10021,臺南市,1001110,官田區,西庄里,6399
10021,臺南市,1001110,官田區,社子里,14152
10021,臺南市,1001110,官田區,嘉南里,6662
10021,臺南市,1001110,官田區,東庄里,15097
10021,臺南市,1001110,官田區,湖山里,584
10021,臺南市,1001110,官田區,南廍里,0
10021,臺南市,1001110,官田區,拔林里,270
10021,臺南市,1001110,官田區,隆田里,35169
10021,臺南市,1001110,官田區,二鎮里,48244
10021,臺南市,1001110,官田區,官田里,14341
10021,臺南市,1001110,官田區,大崎里,20043
10021,臺南市,1001110,官田區,總計,166054
10021,臺南市,1001111,大內區,二溪里,10799
10021,臺南市,1001111,大內區,曲溪里,0
10021,臺南市,1001111,大內區,內郭里,0
10021,臺南市,1001111,大內區,頭社里,0
10021,臺南市,1001111,大內區,環湖里,0
10021,臺南市,1001111,大內區,石林里,0
10021,臺南市,1001111,大內區,石城里,0
10021,臺南市,1001111,大內區,石湖里,21
10021,臺南市,1001111,大內區,大內里,323
10021,臺南市,1001111,大內區,內江里,1163
10021,臺南市,1001111,大內區,總計,12306
10021,臺南市,1001112,佳里區,海澄里,908
10021,臺南市,1001112,佳里區,安西里,178768
10021,臺南市,1001112,佳里區,子龍里,20242
10021,臺南市,1001112,佳里區,興化里,18407
10021,臺南市,1001112,佳里區,建南里,1999
10021,臺南市,1001112,佳里區,六安里,5171
10021,臺南市,1001112,佳里區,民安里,23156
10021,臺南市,1001112,佳里區,佳化里,27517
10021,臺南市,1001112,佳里區,東寧里,33829
10021,臺南市,1001112,佳里區,鎮山里,2919
10021,臺南市,1001112,佳里區,龍安里,151
10021,臺南市,1001112,佳里區,蚶寮里,0
10021,臺南市,1001112,佳里區,溪州里,0
10021,臺南市,1001112,佳里區,漳洲里,0
10021,臺南市,1001112,佳里區,頂廍里,11608
10021,臺南市,1001112,佳里區,通興里,69
10021,臺南市,1001112,佳里區,營頂里,85
10021,臺南市,1001112,佳里區,忠仁里,778
10021,臺南市,1001112,佳里區,三協里,13077
10021,臺南市,1001112,佳里區,禮化里,12334
10021,臺南市,1001112,佳里區,嘉福里,13435
10021,臺南市,1001112,佳里區,總計,364453
10021,臺南市,1001113,學甲區,仁得里,64628
10021,臺南市,1001113,學甲區,宅港里,179
10021,臺南市,1001113,學甲區,新達里,753
10021,臺南市,1001113,學甲區,中洲里,22666
10021,臺南市,1001113,學甲區,大灣里,0
10021,臺南市,1001113,學甲區,豐和里,0
10021,臺南市,1001113,學甲區,平和里,0
10021,臺南市,1001113,學甲區,新榮里,113
10021,臺南市,1001113,學甲區,慈福里,205
10021,臺南市,1001113,學甲區,三慶里,501
10021,臺南市,1001113,學甲區,秀昌里,35777
10021,臺南市,1001113,學甲區,明宜里,31086
10021,臺南市,1001113,學甲區,光華里,9336
10021,臺南市,1001113,學甲區,總計,165244
10021,臺南市,1001114,西港區,西港里,1552
10021,臺南市,1001114,西港區,港東里,18011
10021,臺南市,1001114,西港區,金砂里,12441
10021,臺南市,1001114,西港區,新復里,15349
10021,臺南市,1001114,西港區,營西里,16503
10021,臺南市,1001114,西港區,竹林里,14831
10021,臺南市,1001114,西港區,永樂里,972
10021,臺南市,1001114,西港區,後營里,18826
10021,臺南市,1001114,西港區,廍林里,0
10021,臺南市,1001114,西港區,慶安里,536
10021,臺南市,1001114,西港區,南海里,4179
10021,臺南市,1001114,西港區,劉厝里,17995
10021,臺南市,1001114,西港區,總計,121195
10021,臺南市,1001115,七股區,篤加里,237
10021,臺南市,1001115,七股區,三股里,19673
10021,臺南市,1001115,七股區,竹橋里,8251
10021,臺南市,1001115,七股區,竹港里,10815
10021,臺南市,1001115,七股區,看坪里,7511
10021,臺南市,1001115,七股區,大寮里,10471
10021,臺南市,1001115,七股區,大埕里,25196
10021,臺南市,1001115,七股區,永吉里,11780
10021,臺南市,1001115,七股區,中寮里,83
10021,臺南市,1001115,七股區,龍山里,248
10021,臺南市,1001115,七股區,玉成里,37
10021,臺南市,1001115,七股區,西寮里,51
10021,臺南市,1001115,七股區,塩埕里,2014
10021,臺南市,1001115,七股區,頂山里,0
10021,臺南市,1001115,七股區,後港里,0
10021,臺南市,1001115,七股區,城內里,0
10021,臺南市,1001115,七股區,槺榔里,9088
10021,臺南市,1001115,七股區,七股里,803
10021,臺南市,1001115,七股區,大潭里,280
10021,臺南市,1001115,七股區,義合里,15377
10021,臺南市,1001115,七股區,樹林里,15493
10021,臺南市,1001115,七股區,十份里,18895
10021,臺南市,1001115,七股區,溪南里,5044
10021,臺南市,1001115,七股區,總計,161347
10021,臺南市,1001116,將軍區,忠興里,20863
10021,臺南市,1001116,將軍區,西華里,19425
10021,臺南市,1001116,將軍區,嘉昌里,4240
10021,臺南市,1001116,將軍區,平沙里,1311
10021,臺南市,1001116,將軍區,苓和里,180
10021,臺南市,1001116,將軍區,長沙里,209
10021,臺南市,1001116,將軍區,鯤鯓里,128
10021,臺南市,1001116,將軍區,三吉里,0
10021,臺南市,1001116,將軍區,玉山里,0
10021,臺南市,1001116,將軍區,仁和里,0
10021,臺南市,1001116,將軍區,北埔里,0
10021,臺南市,1001116,將軍區,將富里,0
10021,臺南市,1001116,將軍區,保源里,0
10021,臺南市,1001116,將軍區,廣山里,127
10021,臺南市,1001116,將軍區,將貴里,129
10021,臺南市,1001116,將軍區,鯤溟里,327
10021,臺南市,1001116,將軍區,西和里,7098
10021,臺南市,1001116,將軍區,長榮里,16865
10021,臺南市,1001116,將軍區,總計,70902
10021,臺南市,1001117,北門區,三光里,13793
10021,臺南市,1001117,北門區,北門里,8726
10021,臺南市,1001117,北門區,鯤江里,16180
10021,臺南市,1001117,北門區,仁里里,6958
10021,臺南市,1001117,北門區,錦湖里,12380
10021,臺南市,1001117,北門區,永華里,3712
10021,臺南市,1001117,北門區,玉港里,5212
10021,臺南市,1001117,北門區,東壁里,7406
10021,臺南市,1001117,北門區,雙春里,4769
10021,臺南市,1001117,北門區,永隆里,5114
10021,臺南市,1001117,北門區,中樞里,10958
10021,臺南市,1001117,北門區,慈安里,7763
10021,臺南市,1001117,北門區,保吉里,13445
10021,臺南市,1001117,北門區,總計,116416
10021,臺南市,1001118,新化區,太平里,3417
10021,臺南市,1001118,新化區,清水里,149
10021,臺南市,1001118,新化區,武安里,144
10021,臺南市,1001118,新化區,豐榮里,1009
10021,臺南市,1001118,新化區,礁坑里,677
10021,臺南市,1001118,新化區,協興里,565
10021,臺南市,1001118,新化區,唪口里,0
10021,臺南市,1001118,新化區,北勢里,0
10021,臺南市,1001118,新化區,中央里,0
10021,臺南市,1001118,新化區,觀音里,0
10021,臺南市,1001118,新化區,竹林里,0
10021,臺南市,1001118,新化區,全興里,0
10021,臺南市,1001118,新化區,崙頂里,0
10021,臺南市,1001118,新化區,山腳里,0
10021,臺南市,1001118,新化區,大坑里,0
10021,臺南市,1001118,新化區,羊林里,0
10021,臺南市,1001118,新化區,東榮里,2116
10021,臺南市,1001118,新化區,知義里,7080
10021,臺南市,1001118,新化區,那拔里,10600
10021,臺南市,1001118,新化區,護國里,13783
10021,臺南市,1001118,新化區,總計,39540
10021,臺南市,1001119,善化區,嘉南里,13716
10021,臺南市,1001119,善化區,東昌里,12240
10021,臺南市,1001119,善化區,嘉北里,16373
10021,臺南市,1001119,善化區,西關里,15297
10021,臺南市,1001119,善化區,東隆里,9029
10021,臺南市,1001119,善化區,胡家里,15058
10021,臺南市,1001119,善化區,胡厝里,21711
10021,臺南市,1001119,善化區,東關里,22642
10021,臺南市,1001119,善化區,牛庄里,811
10021,臺南市,1001119,善化區,北關里,7739
10021,臺南市,1001119,善化區,六分里,0
10021,臺南市,1001119,善化區,田寮里,0
10021,臺南市,1001119,善化區,什乃里,16875
10021,臺南市,1001119,善化區,六德里,656
10021,臺南市,1001119,善化區,溪美里,28803
10021,臺南市,1001119,善化區,文正里,28016
10021,臺南市,1001119,善化區,光文里,93235
10021,臺南市,1001119,善化區,小新里,60235
10021,臺南市,1001119,善化區,坐駕里,69113
10021,臺南市,1001119,善化區,文昌里,56367
10021,臺南市,1001119,善化區,南關里,47187
10021,臺南市,1001119,善化區,總計,535103
10021,臺南市,1001120,新市區,社內里,49256
10021,臺南市,1001120,新市區,永就里,80565
10021,臺南市,1001120,新市區,新市里,58518
10021,臺南市,1001120,新市區,港墘里,61579
10021,臺南市,1001120,新市區,大洲里,8288
10021,臺南市,1001120,新市區,大社里,57743
10021,臺南市,1001120,新市區,潭頂里,28911
10021,臺南市,1001120,新市區,三舍里,45200
10021,臺南市,1001120,新市區,大營里,46445
10021,臺南市,1001120,新市區,新和里,119521
10021,臺南市,1001120,新市區,豐華里,117270
10021,臺南市,1001120,新市區,總計,673296
10021,臺南市,1001121,安定區,六嘉里,207
10021,臺南市,1001121,安定區,中沙里,0
10021,臺南市,1001121,安定區,新吉里,0
10021,臺南市,1001121,安定區,海寮里,0
10021,臺南市,1001121,安定區,管寮里,0
10021,臺南市,1001121,安定區,蘇林里,398
10021,臺南市,1001121,安定區,蘇厝里,0
10021,臺南市,1001121,安定區,保西里,0
10021,臺南市,1001121,安定區,港尾里,0
10021,臺南市,1001121,安定區,中榮里,0
10021,臺南市,1001121,安定區,港口里,0
10021,臺南市,1001121,安定區,港南里,0
10021,臺南市,1001121,安定區,大同里,0
10021,臺南市,1001121,安定區,安定里,447
10021,臺南市,1001121,安定區,南安里,498
10021,臺南市,1001121,安定區,安加里,1059
10021,臺南市,1001121,安定區,總計,2609
10021,臺南市,1001122,山上區,明和里,22078
10021,臺南市,1001122,山上區,南洲里,21329
10021,臺南市,1001122,山上區,山上里,11728
10021,臺南市,1001122,山上區,平陽里,3591
10021,臺南市,1001122,山上區,豐德里,7060
10021,臺南市,1001122,山上區,新莊里,13344
10021,臺南市,1001122,山上區,玉峯里,6824
10021,臺南市,1001122,山上區,總計,85954
10021,臺南市,1001123,玉井區,玉田里,16264
10021,臺南市,1001123,玉井區,竹圍里,6894
10021,臺南市,1001123,玉井區,三埔里,10635
10021,臺南市,1001123,玉井區,層林里,6941
10021,臺南市,1001123,玉井區,中正里,3030
10021,臺南市,1001123,玉井區,玉井里,224
10021,臺南市,1001123,玉井區,三和里,4625
10021,臺南市,1001123,玉井區,豐里里,146
10021,臺南市,1001123,玉井區,望明里,18029
10021,臺南市,1001123,玉井區,沙田里,9550
10021,臺南市,1001123,玉井區,總計,76338
10021,臺南市,1001124,楠西區,密枝里,7393
10021,臺南市,1001124,楠西區,東勢里,30706
10021,臺南市,1001124,楠西區,灣丘里,8867
10021,臺南市,1001124,楠西區,鹿田里,11062
10021,臺南市,1001124,楠西區,照興里,9569
10021,臺南市,1001124,楠西區,龜丹里,6256
10021,臺南市,1001124,楠西區,楠西里,27144
10021,臺南市,1001124,楠西區,總計,100997
10021,臺南市,1001125,南化區,南化里,867
10021,臺南市,1001125,南化區,中坑里,321
10021,臺南市,1001125,南化區,北寮里,195
10021,臺南市,1001125,南化區,玉山里,104
10021,臺南市,1001125,南化區,北平里,56
10021,臺南市,1001125,南化區,西埔里,63
10021,臺南市,1001125,南化區,關山里,0
10021,臺南市,1001125,南化區,小崙里,0
10021,臺南市,1001125,南化區,東和里,15
10021,臺南市,1001125,南化區,總計,1621
10021,臺南市,1001126,左鎮區,睦光里,4779
10021,臺南市,1001126,左鎮區,岡林里,5036
10021,臺南市,1001126,左鎮區,榮和里,11835
10021,臺南市,1001126,左鎮區,澄山里,6282
10021,臺南市,1001126,左鎮區,光和里,5863
10021,臺南市,1001126,左鎮區,內庄里,4945
10021,臺南市,1001126,左鎮區,左鎮里,8996
10021,臺南市,1001126,左鎮區,草山里,1353
10021,臺南市,1001126,左鎮區,二寮里,1787
10021,臺南市,1001126,左鎮區,中正里,10891
10021,臺南市,1001126,左鎮區,總計,61767
10021,臺南市,1001127,仁德區,仁德里,175687
10021,臺南市,1001127,仁德區,仁愛里,48150
10021,臺南市,1001127,仁德區,新田里,89576
10021,臺南市,1001127,仁德區,二行里,45946
10021,臺南市,1001127,仁德區,保安里,134213
10021,臺南市,1001127,仁德區,大甲里,37339
10021,臺南市,1001127,仁德區,後壁里,139838
10021,臺南市,1001127,仁德區,田厝里,22015
10021,臺南市,1001127,仁德區,成功里,67021
10021,臺南市,1001127,仁德區,仁和里,3171
10021,臺南市,1001127,仁德區,中洲里,31011
10021,臺南市,1001127,仁德區,三甲里,16622
10021,臺南市,1001127,仁德區,上崙里,70596
10021,臺南市,1001127,仁德區,中生里,21077
10021,臺南市,1001127,仁德區,太子里,108164
10021,臺南市,1001127,仁德區,仁義里,178299
10021,臺南市,1001127,仁德區,一甲里,89621
10021,臺南市,1001127,仁德區,土庫里,60137
10021,臺南市,1001127,仁德區,總計,1338483
10021,臺南市,1001128,歸仁區,武東里,76609
10021,臺南市,1001128,歸仁區,歸仁里,18947
10021,臺南市,1001128,歸仁區,看西里,22771
10021,臺南市,1001128,歸仁區,看東里,24064
10021,臺南市,1001128,歸仁區,崙頂里,41087
10021,臺南市,1001128,歸仁區,許厝里,3352
10021,臺南市,1001128,歸仁區,南保里,15478
10021,臺南市,1001128,歸仁區,歸南里,389
10021,臺南市,1001128,歸仁區,媽廟里,185
10021,臺南市,1001128,歸仁區,辜厝里,62
10021,臺南市,1001128,歸仁區,西埔里,0
10021,臺南市,1001128,歸仁區,大廟里,0
10021,臺南市,1001128,歸仁區,七甲里,44
10021,臺南市,1001128,歸仁區,新厝里,0
10021,臺南市,1001128,歸仁區,八甲里,121
10021,臺南市,1001128,歸仁區,南興里,4342
10021,臺南市,1001128,歸仁區,沙崙里,11229
10021,臺南市,1001128,歸仁區,六甲里,3186
10021,臺南市,1001128,歸仁區,文化里,1378
10021,臺南市,1001128,歸仁區,後市里,3454
10021,臺南市,1001128,歸仁區,大潭里,66886
10021,臺南市,1001128,歸仁區,總計,293584
10021,臺南市,1001129,關廟區,布袋里,2193
10021,臺南市,1001129,關廟區,關廟里,535
10021,臺南市,1001129,關廟區,五甲里,202
10021,臺南市,1001129,關廟區,松腳里,401
10021,臺南市,1001129,關廟區,田中里,253
10021,臺南市,1001129,關廟區,山西里,258
10021,臺南市,1001129,關廟區,香洋里,183
10021,臺南市,1001129,關廟區,埤頭里,597
10021,臺南市,1001129,關廟區,北勢里,134
10021,臺南市,1001129,關廟區,新光里,31
10021,臺南市,1001129,關廟區,下湖里,0
10021,臺南市,1001129,關廟區,龜洞里,0
10021,臺南市,1001129,關廟區,東勢里,0
10021,臺南市,1001129,關廟區,新埔里,0
10021,臺南市,1001129,關廟區,南花里,0
10021,臺南市,1001129,關廟區,北花里,0
10021,臺南市,1001129,關廟區,深坑里,170
10021,臺南市,1001129,關廟區,總計,4957
10021,臺南市,1001130,龍崎區,楠坑里,2858
10021,臺南市,1001130,龍崎區,崎頂里,643
10021,臺南市,1001130,龍崎區,牛埔里,126
10021,臺南市,1001130,龍崎區,大坪里,0
10021,臺南市,1001130,龍崎區,龍船里,1
10021,臺南市,1001130,龍崎區,石曹里,0
10021,臺南市,1001130,龍崎區,土崎里,0
10021,臺南市,1001130,龍崎區,中坑里,0
10021,臺南市,1001130,龍崎區,總計,3628
10021,臺南市,1001131,永康區,建國里,8576
10021,臺南市,1001131,永康區,甲頂里,31171
10021,臺南市,1001131,永康區,塩行里,31058
10021,臺南市,1001131,永康區,正強里,124857
10021,臺南市,1001131,永康區,崑山里,178331
10021,臺南市,1001131,永康區,六合里,18755
10021,臺南市,1001131,永康區,復興里,7513
10021,臺南市,1001131,永康區,復國里,25060
10021,臺南市,1001131,永康區,復華里,39241
10021,臺南市,1001131,永康區,勝利里,8641
10021,臺南市,1001131,永康區,二王里,2644
10021,臺南市,1001131,永康區,成功里,29241
10021,臺南市,1001131,永康區,鹽洲里,1356
10021,臺南市,1001131,永康區,神洲里,1136
10021,臺南市,1001131,永康區,龍潭里,154366
10021,臺南市,1001131,永康區,光復里,0
10021,臺南市,1001131,永康區,三合里,0
10021,臺南市,1001131,永康區,中興里,2518
10021,臺南市,1001131,永康區,中華里,1402
10021,臺南市,1001131,永康區,五王里,4712
10021,臺南市,1001131,永康區,新樹里,29505
10021,臺南市,1001131,永康區,西橋里,54164
10021,臺南市,1001131,永康區,王行里,67756
10021,臺南市,1001131,永康區,蔦松里,48346
10021,臺南市,1001131,永康區,烏竹里,36569
10021,臺南市,1001131,永康區,東灣里,57174
10021,臺南市,1001131,永康區,西灣里,112802
10021,臺南市,1001131,永康區,大橋里,106117
10021,臺南市,1001131,永康區,安康里,89813
10021,臺南市,1001131,永康區,西勢里,87647
10021,臺南市,1001131,永康區,北灣里,117020
10021,臺南市,1001131,永康區,南灣里,76982
10021,臺南市,1001131,永康區,永康里,162774
10021,臺南市,1001131,永康區,大灣里,53090
10021,臺南市,1001131,永康區,三民里,27174
10021,臺南市,1001131,永康區,東橋里,85615
10021,臺南市,1001131,永康區,埔園里,152496
10021,臺南市,1001131,永康區,網寮里,25221
10021,臺南市,1001131,永康區,尚頂里,20387
10021,臺南市,1001131,永康區,總計,2081230
64000,高雄市,6400100,鹽埕區,光明里,13226
64000,高雄市,6400100,鹽埕區,沙地里,11039
64000,高雄市,6400100,鹽埕區,壽星里,4255
64000,高雄市,6400100,鹽埕區,教仁里,3149
64000,高雄市,6400100,鹽埕區,新化里,60
64000,高雄市,6400100,鹽埕區,瀨南里,668
64000,高雄市,6400100,鹽埕區,博愛里,177
64000,高雄市,6400100,鹽埕區,港都里,1446
64000,高雄市,6400100,鹽埕區,江西里,787
64000,高雄市,6400100,鹽埕區,新樂里,483
64000,高雄市,6400100,鹽埕區,中山里,191
64000,高雄市,6400100,鹽埕區,新豐里,32
64000,高雄市,6400100,鹽埕區,慈愛里,143
64000,高雄市,6400100,鹽埕區,陸橋里,40
64000,高雄市,6400100,鹽埕區,藍橋里,0
64000,高雄市,6400100,鹽埕區,中原里,0
64000,高雄市,6400100,鹽埕區,江南里,780
64000,高雄市,6400100,鹽埕區,府北里,3682
64000,高雄市,6400100,鹽埕區,河濱里,1852
64000,高雄市,6400100,鹽埕區,育仁里,3329
64000,高雄市,6400100,鹽埕區,南端里,3002
64000,高雄市,6400100,鹽埕區,總計,48341
64000,高雄市,6400200,鼓山區,龍子里,15329
64000,高雄市,6400200,鼓山區,麗興里,6717
64000,高雄市,6400200,鼓山區,維生里,390
64000,高雄市,6400200,鼓山區,自強里,43
64000,高雄市,6400200,鼓山區,龍水里,20005
64000,高雄市,6400200,鼓山區,壽山里,1613
64000,高雄市,6400200,鼓山區,光化里,30082
64000,高雄市,6400200,鼓山區,明誠里,2357
64000,高雄市,6400200,鼓山區,山下里,869
64000,高雄市,6400200,鼓山區,華豐里,952
64000,高雄市,6400200,鼓山區,哨船頭里,2628
64000,高雄市,6400200,鼓山區,登山里,766
64000,高雄市,6400200,鼓山區,民強里,1159
64000,高雄市,6400200,鼓山區,龍井里,1123
64000,高雄市,6400200,鼓山區,裕豐里,2502
64000,高雄市,6400200,鼓山區,內惟里,345
64000,高雄市,6400200,鼓山區,桃源里,142
64000,高雄市,6400200,鼓山區,平和里,761
64000,高雄市,6400200,鼓山區,忠正里,1337
64000,高雄市,6400200,鼓山區,雄峰里,0
64000,高雄市,6400200,鼓山區,前峰里,2
64000,高雄市,6400200,鼓山區,民族里,0
64000,高雄市,6400200,鼓山區,新民里,74
64000,高雄市,6400200,鼓山區,延平里,0
64000,高雄市,6400200,鼓山區,興宗里,0
64000,高雄市,6400200,鼓山區,厚生里,14
64000,高雄市,6400200,鼓山區,光榮里,167
64000,高雄市,6400200,鼓山區,裕興里,69
64000,高雄市,6400200,鼓山區,綠川里,72
64000,高雄市,6400200,鼓山區,樹德里,461
64000,高雄市,6400200,鼓山區,惠安里,1296
64000,高雄市,6400200,鼓山區,建國里,783
64000,高雄市,6400200,鼓山區,寶樹里,212
64000,高雄市,6400200,鼓山區,峰南里,330
64000,高雄市,6400200,鼓山區,鼓峰里,4696
64000,高雄市,6400200,鼓山區,河邊里,1116
64000,高雄市,6400200,鼓山區,正德里,1439
64000,高雄市,6400200,鼓山區,鼓岩里,5502
64000,高雄市,6400200,鼓山區,總計,105353
64000,高雄市,6400300,左營區,明建里,213480
64000,高雄市,6400300,左營區,福山里,39929
64000,高雄市,6400300,左營區,合群里,1993
64000,高雄市,6400300,左營區,新下里,41091
64000,高雄市,6400300,左營區,埤北里,902
64000,高雄市,6400300,左營區,進學里,2082
64000,高雄市,6400300,左營區,祥和里,2049
64000,高雄市,6400300,左營區,尾西里,2674
64000,高雄市,6400300,左營區,果貿里,188
64000,高雄市,6400300,左營區,埤西里,523
64000,高雄市,6400300,左營區,果惠里,0
64000,高雄市,6400300,左營區,海勝里,0
64000,高雄市,6400300,左營區,崇實里,0
64000,高雄市,6400300,左營區,永清里,0
64000,高雄市,6400300,左營區,莒光里,0
64000,高雄市,6400300,左營區,光輝里,0
64000,高雄市,6400300,左營區,屏山里,0
64000,高雄市,6400300,左營區,頂北里,165
64000,高雄市,6400300,左營區,中南里,0
64000,高雄市,6400300,左營區,廟東里,0
64000,高雄市,6400300,左營區,廟北里,0
64000,高雄市,6400300,左營區,頂西里,0
64000,高雄市,6400300,左營區,聖后里,0
64000,高雄市,6400300,左營區,聖西里,0
64000,高雄市,6400300,左營區,聖南里,0
64000,高雄市,6400300,左營區,城南里,0
64000,高雄市,6400300,左營區,路東里,0
64000,高雄市,6400300,左營區,廍北里,0
64000,高雄市,6400300,左營區,廍南里,0
64000,高雄市,6400300,左營區,中北里,149
64000,高雄市,6400300,左營區,尾南里,55
64000,高雄市,6400300,左營區,新光里,11180
64000,高雄市,6400300,左營區,新中里,3496
64000,高雄市,6400300,左營區,果峰里,1110
64000,高雄市,6400300,左營區,尾北里,3254
64000,高雄市,6400300,左營區,新上里,25564
64000,高雄市,6400300,左營區,埤東里,8964
64000,高雄市,6400300,左營區,自助里,6464
64000,高雄市,6400300,左營區,菜公里,39126
64000,高雄市,6400300,左營區,總計,404438
64000,高雄市,6400400,楠梓區,藍田里,14102
64000,高雄市,6400400,楠梓區,國昌里,3153
64000,高雄市,6400400,楠梓區,稔田里,1705
64000,高雄市,6400400,楠梓區,翠屏里,1669
64000,高雄市,6400400,楠梓區,金田里,1422
64000,高雄市,6400400,楠梓區,惠豐里,1566
64000,高雄市,6400400,楠梓區,惠民里,3170
64000,高雄市,6400400,楠梓區,秀昌里,493
64000,高雄市,6400400,楠梓區,錦屏里,469
64000,高雄市,6400400,楠梓區,宏南里,95
64000,高雄市,6400400,楠梓區,宏毅里,0
64000,高雄市,6400400,楠梓區,宏榮里,0
64000,高雄市,6400400,楠梓區,廣昌里,0
64000,高雄市,6400400,楠梓區,久昌里,0
64000,高雄市,6400400,楠梓區,玉屏里,62
64000,高雄市,6400400,楠梓區,和昌里,0
64000,高雄市,6400400,楠梓區,慶昌里,0
64000,高雄市,6400400,楠梓區,福昌里,0
64000,高雄市,6400400,楠梓區,盛昌里,0
64000,高雄市,6400400,楠梓區,仁昌里,0
64000,高雄市,6400400,楠梓區,中興里,0
64000,高雄市,6400400,楠梓區,中和里,59
64000,高雄市,6400400,楠梓區,泰昌里,13
64000,高雄市,6400400,楠梓區,大昌里,137
64000,高雄市,6400400,楠梓區,宏昌里,116
64000,高雄市,6400400,楠梓區,裕昌里,198
64000,高雄市,6400400,楠梓區,興昌里,627
64000,高雄市,6400400,楠梓區,隆昌里,1232
64000,高雄市,6400400,楠梓區,加昌里,1981
64000,高雄市,6400400,楠梓區,建昌里,2670
64000,高雄市,6400400,楠梓區,瑞屏里,24002
64000,高雄市,6400400,楠梓區,惠楠里,45096
64000,高雄市,6400400,楠梓區,享平里,47154
64000,高雄市,6400400,楠梓區,東寧里,67517
64000,高雄市,6400400,楠梓區,五常里,90163
64000,高雄市,6400400,楠梓區,清豐里,297333
64000,高雄市,6400400,楠梓區,中陽里,52884
64000,高雄市,6400400,楠梓區,總計,659088
64000,高雄市,6400500,三民區,安東里,93949
64000,高雄市,6400500,三民區,長明里,2818
64000,高雄市,6400500,三民區,安生里,63104
64000,高雄市,6400500,三民區,鼎金里,68580
64000,高雄市,6400500,三民區,立德里,3742
64000,高雄市,6400500,三民區,港新里,366
64000,高雄市,6400500,三民區,德西里,2592
64000,高雄市,6400500,三民區,博惠里,865
64000,高雄市,6400500,三民區,德東里,20486
64000,高雄市,6400500,三民區,十美里,42338
64000,高雄市,6400500,三民區,川東里,317
64000,高雄市,6400500,三民區,裕民里,0
64000,高雄市,6400500,三民區,力行里,0
64000,高雄市,6400500,三民區,千秋里,561
64000,高雄市,6400500,三民區,興德里,0
64000,高雄市,6400500,三民區,鳳南里,3
64000,高雄市,6400500,三民區,豐裕里,211
64000,高雄市,6400500,三民區,博愛里,949
64000,高雄市,6400500,三民區,千歲里,110
64000,高雄市,6400500,三民區,達仁里,28449
64000,高雄市,6400500,三民區,同德里,53736
64000,高雄市,6400500,三民區,鳳北里,524
64000,高雄市,6400500,三民區,港西里,4425
64000,高雄市,6400500,三民區,立業里,13329
64000,高雄市,6400500,三民區,德智里,58830
64000,高雄市,6400500,三民區,安寧里,21472
64000,高雄市,6400500,三民區,精華里,33287
64000,高雄市,6400500,三民區,達明里,35445
64000,高雄市,6400500,三民區,安康里,29467
64000,高雄市,6400500,三民區,民享里,35936
64000,高雄市,6400500,三民區,安吉里,94279
64000,高雄市,6400500,三民區,德行里,16534
64000,高雄市,6400500,三民區,灣成里,46282
64000,高雄市,6400500,三民區,德北里,32276
64000,高雄市,6400500,三民區,港東里,5259
64000,高雄市,6400500,三民區,灣愛里,50126
64000,高雄市,6400500,三民區,德仁里,39792
64000,高雄市,6400500,三民區,本館里,172122
64000,高雄市,6400500,三民區,千北里,2139
64000,高雄市,6400500,三民區,建東里,2789
64000,高雄市,6400500,三民區,灣華里,53053
64000,高雄市,6400500,三民區,立誠里,17568
64000,高雄市,6400500,三民區,灣勝里,29224
64000,高雄市,6400500,三民區,鼎西里,127355
64000,高雄市,6400500,三民區,寶民里,48385
64000,高雄市,6400500,三民區,十全里,42300
64000,高雄市,6400500,三民區,安宜里,60536
64000,高雄市,6400500,三民區,灣利里,54878
64000,高雄市,6400500,三民區,寶中里,46302
64000,高雄市,6400500,三民區,寶龍里,68426
64000,高雄市,6400500,三民區,達勇里,21134
64000,高雄市,6400500,三民區,達德里,35995
64000,高雄市,6400500,三民區,安和里,50830
64000,高雄市,6400500,三民區,本武里,31447
64000,高雄市,6400500,三民區,安泰里,62832
64000,高雄市,6400500,三民區,寶慶里,37581
64000,高雄市,6400500,三民區,安邦里,66244
64000,高雄市,6400500,三民區,灣復里,71509
64000,高雄市,6400500,三民區,鼎泰里,381286
64000,高雄市,6400500,三民區,寶華里,52830
64000,高雄市,6400500,三民區,鼎強里,59324
64000,高雄市,6400500,三民區,寶珠里,124364
64000,高雄市,6400500,三民區,本和里,132797
64000,高雄市,6400500,三民區,灣子里,79237
64000,高雄市,6400500,三民區,寶德里,85126
64000,高雄市,6400500,三民區,寶安里,140069
64000,高雄市,6400500,三民區,安發里,83031
64000,高雄市,6400500,三民區,寶泰里,78385
64000,高雄市,6400500,三民區,寶盛里,80523
64000,高雄市,6400500,三民區,灣中里,99994
64000,高雄市,6400500,三民區,本文里,52374
64000,高雄市,6400500,三民區,正順里,63853
64000,高雄市,6400500,三民區,寶獅里,70160
64000,高雄市,6400500,三民區,鼎力里,85867
64000,高雄市,6400500,三民區,本安里,68178
64000,高雄市,6400500,三民區,正興里,211805
64000,高雄市,6400500,三民區,本上里,81447
64000,高雄市,6400500,三民區,本元里,73693
64000,高雄市,6400500,三民區,寶國里,132601
64000,高雄市,6400500,三民區,寶業里,74330
64000,高雄市,6400500,三民區,灣興里,96234
64000,高雄市,6400500,三民區,鼎盛里,126736
64000,高雄市,6400500,三民區,鼎中里,80780
64000,高雄市,6400500,三民區,寶玉里,147363
64000,高雄市,6400500,三民區,寶興里,126421
64000,高雄市,6400500,三民區,本揚里,112063
64000,高雄市,6400500,三民區,總計,5003959
64000,高雄市,6400600,新興區,東坡里,21915
64000,高雄市,6400600,新興區,振華里,32674
64000,高雄市,6400600,新興區,德望里,40931
64000,高雄市,6400600,新興區,振成里,37423
64000,高雄市,6400600,新興區,德生里,64800
64000,高雄市,6400600,新興區,玉衡里,28893
64000,高雄市,6400600,新興區,順昌里,36356
64000,高雄市,6400600,新興區,愛平里,21274
64000,高雄市,6400600,新興區,興昌里,32416
64000,高雄市,6400600,新興區,正氣里,31370
64000,高雄市,6400600,新興區,中東里,59023
64000,高雄市,6400600,新興區,新江里,32468
64000,高雄市,6400600,新興區,漢民里,19417
64000,高雄市,6400600,新興區,南港里,38136
64000,高雄市,6400600,新興區,永寧里,24726
64000,高雄市,6400600,新興區,秋山里,36951
64000,高雄市,6400600,新興區,仁聲里,33501
64000,高雄市,6400600,新興區,蕉園里,17441
64000,高雄市,6400600,新興區,建興里,21120
64000,高雄市,6400600,新興區,德政里,13614
64000,高雄市,6400600,新興區,光耀里,43183
64000,高雄市,6400600,新興區,榮治里,23469
64000,高雄市,6400600,新興區,開平里,53426
64000,高雄市,6400600,新興區,成功里,29968
64000,高雄市,6400600,新興區,文昌里,57471
64000,高雄市,6400600,新興區,華聲里,22018
64000,高雄市,6400600,新興區,黎明里,24912
64000,高雄市,6400600,新興區,長驛里,24609
64000,高雄市,6400600,新興區,浩然里,51713
64000,高雄市,6400600,新興區,建華里,27179
64000,高雄市,6400600,新興區,明莊里,21369
64000,高雄市,6400600,新興區,大明里,30168
64000,高雄市,6400600,新興區,總計,1053934
64000,高雄市,6400700,前金區,榮復里,41033
64000,高雄市,6400700,前金區,文西里,13485
64000,高雄市,6400700,前金區,國民里,18686
64000,高雄市,6400700,前金區,林投里,8618
64000,高雄市,6400700,前金區,新生里,4496
64000,高雄市,6400700,前金區,文東里,1709
64000,高雄市,6400700,前金區,後金里,15093
64000,高雄市,6400700,前金區,長興里,927
64000,高雄市,6400700,前金區,草江里,1438
64000,高雄市,6400700,前金區,東金里,4538
64000,高雄市,6400700,前金區,長城里,975
64000,高雄市,6400700,前金區,社東里,1241
64000,高雄市,6400700,前金區,社西里,305
64000,高雄市,6400700,前金區,三川里,292
64000,高雄市,6400700,前金區,青山里,0
64000,高雄市,6400700,前金區,北金里,404
64000,高雄市,6400700,前金區,民生里,1054
64000,高雄市,6400700,前金區,博孝里,8812
64000,高雄市,6400700,前金區,長生里,5009
64000,高雄市,6400700,前金區,復元里,6160
64000,高雄市,6400700,前金區,總計,134275
64000,高雄市,6400800,苓雅區,意誠里,51195
64000,高雄市,6400800,苓雅區,鼓中里,10469
64000,高雄市,6400800,苓雅區,正義里,14013
64000,高雄市,6400800,苓雅區,普照里,12239
64000,高雄市,6400800,苓雅區,奏捷里,11704
64000,高雄市,6400800,苓雅區,安祥里,7135
64000,高雄市,6400800,苓雅區,林安里,5019
64000,高雄市,6400800,苓雅區,同慶里,17959
64000,高雄市,6400800,苓雅區,仁政里,4786
64000,高雄市,6400800,苓雅區,晴朗里,8379
64000,高雄市,6400800,苓雅區,林西里,3635
64000,高雄市,6400800,苓雅區,衛武里,971
64000,高雄市,6400800,苓雅區,福祥里,5461
64000,高雄市,6400800,苓雅區,福西里,1098
64000,高雄市,6400800,苓雅區,博仁里,2671
64000,高雄市,6400800,苓雅區,苓雅里,2556
64000,高雄市,6400800,苓雅區,英明里,10501
64000,高雄市,6400800,苓雅區,林富里,3466
64000,高雄市,6400800,苓雅區,林榮里,128
64000,高雄市,6400800,苓雅區,城北里,1299
64000,高雄市,6400800,苓雅區,林貴里,4414
64000,高雄市,6400800,苓雅區,中正里,1293
64000,高雄市,6400800,苓雅區,日中里,778
64000,高雄市,6400800,苓雅區,正言里,860
64000,高雄市,6400800,苓雅區,林南里,1122
64000,高雄市,6400800,苓雅區,五福里,1094
64000,高雄市,6400800,苓雅區,普天里,2015
64000,高雄市,6400800,苓雅區,林德里,3287
64000,高雄市,6400800,苓雅區,華堂里,527
64000,高雄市,6400800,苓雅區,凱旋里,371
64000,高雄市,6400800,苓雅區,林圍里,633
64000,高雄市,6400800,苓雅區,福東里,747
64000,高雄市,6400800,苓雅區,尚義里,1162
64000,高雄市,6400800,苓雅區,田西里,595
64000,高雄市,6400800,苓雅區,永康里,341
64000,高雄市,6400800,苓雅區,民主里,12166
64000,高雄市,6400800,苓雅區,廣澤里,197
64000,高雄市,6400800,苓雅區,福南里,53
64000,高雄市,6400800,苓雅區,苓中里,101
64000,高雄市,6400800,苓雅區,朝陽里,59
64000,高雄市,6400800,苓雅區,林靖里,306
64000,高雄市,6400800,苓雅區,正文里,141
64000,高雄市,6400800,苓雅區,文昌里,13
64000,高雄市,6400800,苓雅區,和煦里,1239
64000,高雄市,6400800,苓雅區,正道里,64
64000,高雄市,6400800,苓雅區,福人里,0
64000,高雄市,6400800,苓雅區,福地里,0
64000,高雄市,6400800,苓雅區,福居里,0
64000,高雄市,6400800,苓雅區,福海里,0
64000,高雄市,6400800,苓雅區,福壽里,0
64000,高雄市,6400800,苓雅區,林中里,0
64000,高雄市,6400800,苓雅區,林泉里,0
64000,高雄市,6400800,苓雅區,美田里,0
64000,高雄市,6400800,苓雅區,城東里,212
64000,高雄市,6400800,苓雅區,人和里,0
64000,高雄市,6400800,苓雅區,福隆里,290
64000,高雄市,6400800,苓雅區,建軍里,80
64000,高雄市,6400800,苓雅區,正心里,167
64000,高雄市,6400800,苓雅區,五權里,179
64000,高雄市,6400800,苓雅區,苓昇里,883
64000,高雄市,6400800,苓雅區,林興里,40
64000,高雄市,6400800,苓雅區,林華里,1253
64000,高雄市,6400800,苓雅區,正仁里,643
64000,高雄市,6400800,苓雅區,光華里,1156
64000,高雄市,6400800,苓雅區,城西里,1325
64000,高雄市,6400800,苓雅區,福康里,985
64000,高雄市,6400800,苓雅區,正大里,14702
64000,高雄市,6400800,苓雅區,苓東里,1740
64000,高雄市,6400800,苓雅區,苓洲里,8553
64000,高雄市,6400800,苓雅區,總計,240470
64000,高雄市,6400900,前鎮區,興邦里,121129
64000,高雄市,6400900,前鎮區,明孝里,50951
64000,高雄市,6400900,前鎮區,盛興里,83169
64000,高雄市,6400900,前鎮區,振興里,49691
64000,高雄市,6400900,前鎮區,興化里,8999
64000,高雄市,6400900,前鎮區,忠誠里,52923
64000,高雄市,6400900,前鎮區,信義里,30294
64000,高雄市,6400900,前鎮區,鎮昌里,26436
64000,高雄市,6400900,前鎮區,前鎮里,26908
64000,高雄市,6400900,前鎮區,鎮中里,9549
64000,高雄市,6400900,前鎮區,鎮榮里,23759
64000,高雄市,6400900,前鎮區,鎮北里,42415
64000,高雄市,6400900,前鎮區,民權里,81702
64000,高雄市,6400900,前鎮區,興仁里,6885
64000,高雄市,6400900,前鎮區,仁愛里,33910
64000,高雄市,6400900,前鎮區,竹東里,32915
64000,高雄市,6400900,前鎮區,瑞崗里,49873
64000,高雄市,6400900,前鎮區,鎮東里,28502
64000,高雄市,6400900,前鎮區,忠純里,95839
64000,高雄市,6400900,前鎮區,瑞東里,35951
64000,高雄市,6400900,前鎮區,信德里,25356
64000,高雄市,6400900,前鎮區,瑞竹里,21771
64000,高雄市,6400900,前鎮區,明禮里,12864
64000,高雄市,6400900,前鎮區,平昌里,7981
64000,高雄市,6400900,前鎮區,鎮陽里,13791
64000,高雄市,6400900,前鎮區,德昌里,29060
64000,高雄市,6400900,前鎮區,明道里,11307
64000,高雄市,6400900,前鎮區,鎮海里,66233
64000,高雄市,6400900,前鎮區,竹內里,39875
64000,高雄市,6400900,前鎮區,復國里,49819
64000,高雄市,6400900,前鎮區,建隆里,20794
64000,高雄市,6400900,前鎮區,竹北里,27686
64000,高雄市,6400900,前鎮區,瑞文里,36137
64000,高雄市,6400900,前鎮區,良和里,54458
64000,高雄市,6400900,前鎮區,瑞興里,37998
64000,高雄市,6400900,前鎮區,瑞和里,24180
64000,高雄市,6400900,前鎮區,興東里,106169
64000,高雄市,6400900,前鎮區,瑞南里,59658
64000,高雄市,6400900,前鎮區,瑞西里,33575
64000,高雄市,6400900,前鎮區,瑞豐里,39618
64000,高雄市,6400900,前鎮區,盛豐里,65885
64000,高雄市,6400900,前鎮區,明正里,91747
64000,高雄市,6400900,前鎮區,明義里,35329
64000,高雄市,6400900,前鎮區,瑞北里,45254
64000,高雄市,6400900,前鎮區,瑞誠里,39787
64000,高雄市,6400900,前鎮區,瑞祥里,65096
64000,高雄市,6400900,前鎮區,瑞平里,53612
64000,高雄市,6400900,前鎮區,平等里,30807
64000,高雄市,6400900,前鎮區,瑞華里,80199
64000,高雄市,6400900,前鎮區,瑞隆里,59592
64000,高雄市,6400900,前鎮區,竹中里,61491
64000,高雄市,6400900,前鎮區,瑞昌里,47685
64000,高雄市,6400900,前鎮區,竹西里,75618
64000,高雄市,6400900,前鎮區,竹南里,109775
64000,高雄市,6400900,前鎮區,草衙里,190744
64000,高雄市,6400900,前鎮區,西甲里,44403
64000,高雄市,6400900,前鎮區,忠孝里,48412
64000,高雄市,6400900,前鎮區,興中里,48035
64000,高雄市,6400900,前鎮區,西山里,57000
64000,高雄市,6400900,前鎮區,總計,2860601
64000,高雄市,6401000,旗津區,南汕里,31378
64000,高雄市,6401000,旗津區,永安里,13430
64000,高雄市,6401000,旗津區,實踐里,23047
64000,高雄市,6401000,旗津區,中興里,33734
64000,高雄市,6401000,旗津區,旗下里,11780
64000,高雄市,6401000,旗津區,安順里,5942
64000,高雄市,6401000,旗津區,中洲里,18898
64000,高雄市,6401000,旗津區,振興里,23226
64000,高雄市,6401000,旗津區,復興里,29350
64000,高雄市,6401000,旗津區,慈愛里,22306
64000,高雄市,6401000,旗津區,北汕里,24347
64000,高雄市,6401000,旗津區,中華里,20450
64000,高雄市,6401000,旗津區,上竹里,76910
64000,高雄市,6401000,旗津區,總計,334798
64000,高雄市,6401100,小港區,松金里,18
64000,高雄市,6401100,小港區,山明里,98362
64000,高雄市,6401100,小港區,店鎮里,103513
64000,高雄市,6401100,小港區,港口里,5390
64000,高雄市,6401100,小港區,港興里,964
64000,高雄市,6401100,小港區,大坪里,1701
64000,高雄市,6401100,小港區,龍鳳里,18788
64000,高雄市,6401100,小港區,高松里,1594
64000,高雄市,6401100,小港區,坪頂里,1524
64000,高雄市,6401100,小港區,桂林里,1417
64000,高雄市,6401100,小港區,鳳興里,15047
64000,高雄市,6401100,小港區,孔宅里,827
64000,高雄市,6401100,小港區,港明里,10479
64000,高雄市,6401100,小港區,二苓里,62377
64000,高雄市,6401100,小港區,鳳森里,21033
64000,高雄市,6401100,小港區,廈莊里,0
64000,高雄市,6401100,小港區,合作里,5
64000,高雄市,6401100,小港區,青島里,0
64000,高雄市,6401100,小港區,港正里,0
64000,高雄市,6401100,小港區,中厝里,30
64000,高雄市,6401100,小港區,松山里,153
64000,高雄市,6401100,小港區,濟南里,5777
64000,高雄市,6401100,小港區,六苓里,39262
64000,高雄市,6401100,小港區,鳳林里,19078
64000,高雄市,6401100,小港區,港后里,24201
64000,高雄市,6401100,小港區,順苓里,48106
64000,高雄市,6401100,小港區,港南里,13397
64000,高雄市,6401100,小港區,正苓里,37747
64000,高雄市,6401100,小港區,鳳鳴里,32746
64000,高雄市,6401100,小港區,鳳源里,22913
64000,高雄市,6401100,小港區,大苓里,125256
64000,高雄市,6401100,小港區,三苓里,25508
64000,高雄市,6401100,小港區,泰山里,14658
64000,高雄市,6401100,小港區,小港里,10221
64000,高雄市,6401100,小港區,宏亮里,39328
64000,高雄市,6401100,小港區,港墘里,55290
64000,高雄市,6401100,小港區,鳳宮里,42161
64000,高雄市,6401100,小港區,山東里,16051
64000,高雄市,6401100,小港區,總計,914922
64000,高雄市,1001201,鳳山區,老爺里,122971
64000,高雄市,1001201,鳳山區,新泰里,67746
64000,高雄市,1001201,鳳山區,和興里,66426
64000,高雄市,1001201,鳳山區,富榮里,40223
64000,高雄市,1001201,鳳山區,天興里,53388
64000,高雄市,1001201,鳳山區,生明里,44809
64000,高雄市,1001201,鳳山區,福祥里,56086
64000,高雄市,1001201,鳳山區,正義里,109945
64000,高雄市,1001201,鳳山區,和德里,18645
64000,高雄市,1001201,鳳山區,福興里,79119
64000,高雄市,1001201,鳳山區,過埤里,7005
64000,高雄市,1001201,鳳山區,中和里,32044
64000,高雄市,1001201,鳳山區,忠義里,4017
64000,高雄市,1001201,鳳山區,大德里,43355
64000,高雄市,1001201,鳳山區,新樂里,80696
64000,高雄市,1001201,鳳山區,誠德里,36743
64000,高雄市,1001201,鳳山區,新興里,3473
64000,高雄市,1001201,鳳山區,協和里,66917
64000,高雄市,1001201,鳳山區,誠義里,62756
64000,高雄市,1001201,鳳山區,新武里,35143
64000,高雄市,1001201,鳳山區,東門里,77946
64000,高雄市,1001201,鳳山區,一甲里,54122
64000,高雄市,1001201,鳳山區,富甲里,26156
64000,高雄市,1001201,鳳山區,興仁里,55543
64000,高雄市,1001201,鳳山區,南和里,41199
64000,高雄市,1001201,鳳山區,忠孝里,8327
64000,高雄市,1001201,鳳山區,縣衙里,859
64000,高雄市,1001201,鳳山區,瑞竹里,1651
64000,高雄市,1001201,鳳山區,海洋里,27590
64000,高雄市,1001201,鳳山區,文衡里,484
64000,高雄市,1001201,鳳山區,鳳崗里,898
64000,高雄市,1001201,鳳山區,鎮南里,60813
64000,高雄市,1001201,鳳山區,文山里,1751
64000,高雄市,1001201,鳳山區,國光里,1442
64000,高雄市,1001201,鳳山區,興中里,10365
64000,高雄市,1001201,鳳山區,中崙里,570
64000,高雄市,1001201,鳳山區,三民里,822
64000,高雄市,1001201,鳳山區,文英里,76
64000,高雄市,1001201,鳳山區,縣口里,62
64000,高雄市,1001201,鳳山區,曹公里,498
64000,高雄市,1001201,鳳山區,鎮北里,37
64000,高雄市,1001201,鳳山區,鳳東里,64020
64000,高雄市,1001201,鳳山區,光明里,59
64000,高雄市,1001201,鳳山區,中正里,0
64000,高雄市,1001201,鳳山區,鎮西里,807
64000,高雄市,1001201,鳳山區,鎮東里,0
64000,高雄市,1001201,鳳山區,南興里,0
64000,高雄市,1001201,鳳山區,國泰里,0
64000,高雄市,1001201,鳳山區,海光里,0
64000,高雄市,1001201,鳳山區,國隆里,0
64000,高雄市,1001201,鳳山區,中民里,33
64000,高雄市,1001201,鳳山區,文福里,0
64000,高雄市,1001201,鳳山區,文德里,1868
64000,高雄市,1001201,鳳山區,新富里,64
64000,高雄市,1001201,鳳山區,埤頂里,1098
64000,高雄市,1001201,鳳山區,保安里,2637
64000,高雄市,1001201,鳳山區,成功里,681
64000,高雄市,1001201,鳳山區,中榮里,501
64000,高雄市,1001201,鳳山區,國富里,631
64000,高雄市,1001201,鳳山區,五福里,58473
64000,高雄市,1001201,鳳山區,武松里,625
64000,高雄市,1001201,鳳山區,瑞興里,1609
64000,高雄市,1001201,鳳山區,忠誠里,859
64000,高雄市,1001201,鳳山區,誠智里,43141
64000,高雄市,1001201,鳳山區,新強里,94758
64000,高雄市,1001201,鳳山區,新甲里,50732
64000,高雄市,1001201,鳳山區,福誠里,53950
64000,高雄市,1001201,鳳山區,龍成里,51765
64000,高雄市,1001201,鳳山區,善美里,104425
64000,高雄市,1001201,鳳山區,北門里,4415
64000,高雄市,1001201,鳳山區,武漢里,72065
64000,高雄市,1001201,鳳山區,文華里,8076
64000,高雄市,1001201,鳳山區,二甲里,56397
64000,高雄市,1001201,鳳山區,南成里,50261
64000,高雄市,1001201,鳳山區,武慶里,47908
64000,高雄市,1001201,鳳山區,誠信里,36007
64000,高雄市,1001201,鳳山區,總計,2210583
64000,高雄市,1001202,林園區,廣應里,2598
64000,高雄市,1001202,林園區,林園里,2496
64000,高雄市,1001202,林園區,港嘴里,25340
64000,高雄市,1001202,林園區,東林里,1508
64000,高雄市,1001202,林園區,中門里,34433
64000,高雄市,1001202,林園區,林內里,21
64000,高雄市,1001202,林園區,龔厝里,0
64000,高雄市,1001202,林園區,潭頭里,395
64000,高雄市,1001202,林園區,仁愛里,0
64000,高雄市,1001202,林園區,林家里,1818
64000,高雄市,1001202,林園區,中厝里,529
64000,高雄市,1001202,林園區,中芸里,27283
64000,高雄市,1001202,林園區,西溪里,46572
64000,高雄市,1001202,林園區,東汕里,7804
64000,高雄市,1001202,林園區,文賢里,1333
64000,高雄市,1001202,林園區,溪州里,978
64000,高雄市,1001202,林園區,西汕里,7114
64000,高雄市,1001202,林園區,鳳芸里,22877
64000,高雄市,1001202,林園區,中汕里,4976
64000,高雄市,1001202,林園區,頂厝里,37720
64000,高雄市,1001202,林園區,港埔里,25153
64000,高雄市,1001202,林園區,北汕里,34603
64000,高雄市,1001202,林園區,王公里,3468
64000,高雄市,1001202,林園區,五福里,3181
64000,高雄市,1001202,林園區,總計,292200
64000,高雄市,1001203,大寮區,山頂里,113024
64000,高雄市,1001203,大寮區,中興里,110354
64000,高雄市,1001203,大寮區,內坑里,62062
64000,高雄市,1001203,大寮區,永芳里,98165
64000,高雄市,1001203,大寮區,後庄里,120129
64000,高雄市,1001203,大寮區,拷潭里,4064
64000,高雄市,1001203,大寮區,過溪里,843
64000,高雄市,1001203,大寮區,忠義里,6544
64000,高雄市,1001203,大寮區,義仁里,25465
64000,高雄市,1001203,大寮區,會結里,142
64000,高雄市,1001203,大寮區,光武里,1306
64000,高雄市,1001203,大寮區,溪寮里,8350
64000,高雄市,1001203,大寮區,江山里,18473
64000,高雄市,1001203,大寮區,上寮里,22610
64000,高雄市,1001203,大寮區,潮寮里,2506
64000,高雄市,1001203,大寮區,義和里,11687
64000,高雄市,1001203,大寮區,前庄里,25494
64000,高雄市,1001203,大寮區,會社里,82065
64000,高雄市,1001203,大寮區,昭明里,52774
64000,高雄市,1001203,大寮區,翁園里,35642
64000,高雄市,1001203,大寮區,琉球里,49750
64000,高雄市,1001203,大寮區,三隆里,49827
64000,高雄市,1001203,大寮區,中庄里,159249
64000,高雄市,1001203,大寮區,大寮里,102195
64000,高雄市,1001203,大寮區,新厝里,14811
64000,高雄市,1001203,大寮區,總計,1177531
64000,高雄市,1001204,大樹區,水寮里,10037
64000,高雄市,1001204,大樹區,大坑里,1709
64000,高雄市,1001204,大樹區,檨腳里,394
64000,高雄市,1001204,大樹區,大樹里,1338
64000,高雄市,1001204,大樹區,姑山里,59
64000,高雄市,1001204,大樹區,龍目里,0
64000,高雄市,1001204,大樹區,井腳里,0
64000,高雄市,1001204,大樹區,興山里,0
64000,高雄市,1001204,大樹區,和山里,0
64000,高雄市,1001204,大樹區,久堂里,0
64000,高雄市,1001204,大樹區,水安里,0
64000,高雄市,1001204,大樹區,溪埔里,165
64000,高雄市,1001204,大樹區,竹寮里,182
64000,高雄市,1001204,大樹區,小坪里,179
64000,高雄市,1001204,大樹區,興田里,476
64000,高雄市,1001204,大樹區,九曲里,433
64000,高雄市,1001204,大樹區,統嶺里,307
64000,高雄市,1001204,大樹區,三和里,77768
64000,高雄市,1001204,大樹區,總計,93047
64000,高雄市,1001205,大社區,嘉誠里,16491
64000,高雄市,1001205,大社區,保安里,34589
64000,高雄市,1001205,大社區,三奶里,43064
64000,高雄市,1001205,大社區,中里里,45596
64000,高雄市,1001205,大社區,大社里,125353
64000,高雄市,1001205,大社區,保社里,62026
64000,高雄市,1001205,大社區,觀音里,87614
64000,高雄市,1001205,大社區,翠屏里,35850
64000,高雄市,1001205,大社區,神農里,89232
64000,高雄市,1001205,大社區,總計,539815
64000,高雄市,1001206,仁武區,中華里,21867
64000,高雄市,1001206,仁武區,仁福里,13846
64000,高雄市,1001206,仁武區,五和里,26916
64000,高雄市,1001206,仁武區,仁慈里,34067
64000,高雄市,1001206,仁武區,仁和里,38535
64000,高雄市,1001206,仁武區,赤山里,71543
64000,高雄市,1001206,仁武區,大灣里,70231
64000,高雄市,1001206,仁武區,後安里,24161
64000,高雄市,1001206,仁武區,竹後里,46112
64000,高雄市,1001206,仁武區,仁武里,85043
64000,高雄市,1001206,仁武區,文武里,130378
64000,高雄市,1001206,仁武區,高楠里,22156
64000,高雄市,1001206,仁武區,考潭里,56312
64000,高雄市,1001206,仁武區,烏林里,48072
64000,高雄市,1001206,仁武區,灣內里,157387
64000,高雄市,1001206,仁武區,八卦里,286887
64000,高雄市,1001206,仁武區,總計,1133513
64000,高雄市,1001207,鳥松區,鳥松里,36184
64000,高雄市,1001207,鳥松區,大華里,21515
64000,高雄市,1001207,鳥松區,夢裡里,325
64000,高雄市,1001207,鳥松區,大竹里,9
64000,高雄市,1001207,鳥松區,坔埔里,248
64000,高雄市,1001207,鳥松區,華美里,778
64000,高雄市,1001207,鳥松區,仁美里,633
64000,高雄市,1001207,鳥松區,總計,59692
64000,高雄市,1001208,岡山區,竹圍里,115436
64000,高雄市,1001208,岡山區,灣裡里,28594
64000,高雄市,1001208,岡山區,程香里,70682
64000,高雄市,1001208,岡山區,岡山里,7249
64000,高雄市,1001208,岡山區,白米里,26895
64000,高雄市,1001208,岡山區,嘉峰里,23524
64000,高雄市,1001208,岡山區,前峰里,49212
64000,高雄市,1001208,岡山區,仁義里,31845
64000,高雄市,1001208,岡山區,信義里,34420
64000,高雄市,1001208,岡山區,仁壽里,5929
64000,高雄市,1001208,岡山區,嘉興里,56703
64000,高雄市,1001208,岡山區,大莊里,31333
64000,高雄市,1001208,岡山區,平安里,951
64000,高雄市,1001208,岡山區,潭底里,10067
64000,高雄市,1001208,岡山區,協榮里,3068
64000,高雄市,1001208,岡山區,協和里,45798
64000,高雄市,1001208,岡山區,後紅里,3131
64000,高雄市,1001208,岡山區,劉厝里,1330
64000,高雄市,1001208,岡山區,台上里,187
64000,高雄市,1001208,岡山區,忠孝里,38974
64000,高雄市,1001208,岡山區,壽天里,78967
64000,高雄市,1001208,岡山區,碧紅里,1699
64000,高雄市,1001208,岡山區,維仁里,0
64000,高雄市,1001208,岡山區,福興里,0
64000,高雄市,1001208,岡山區,為隨里,0
64000,高雄市,1001208,岡山區,和平里,5162
64000,高雄市,1001208,岡山區,後協里,2127
64000,高雄市,1001208,岡山區,壽峰里,30184
64000,高雄市,1001208,岡山區,三和里,1217
64000,高雄市,1001208,岡山區,石潭里,1073
64000,高雄市,1001208,岡山區,大遼里,21988
64000,高雄市,1001208,岡山區,華崗里,22485
64000,高雄市,1001208,岡山區,本洲里,12224
64000,高雄市,1001208,岡山區,總計,762454
64000,高雄市,1001209,橋頭區,西林里,16998
64000,高雄市,1001209,橋頭區,筆秀里,20682
64000,高雄市,1001209,橋頭區,仕和里,38830
64000,高雄市,1001209,橋頭區,東林里,4841
64000,高雄市,1001209,橋頭區,白樹里,1631
64000,高雄市,1001209,橋頭區,新莊里,1244
64000,高雄市,1001209,橋頭區,仕豐里,42386
64000,高雄市,1001209,橋頭區,橋南里,2000
64000,高雄市,1001209,橋頭區,中崎里,2
64000,高雄市,1001209,橋頭區,德松里,0
64000,高雄市,1001209,橋頭區,三德里,0
64000,高雄市,1001209,橋頭區,芋寮里,1
64000,高雄市,1001209,橋頭區,橋頭里,3224
64000,高雄市,1001209,橋頭區,甲南里,35836
64000,高雄市,1001209,橋頭區,仕隆里,30541
64000,高雄市,1001209,橋頭區,甲北里,28509
64000,高雄市,1001209,橋頭區,頂鹽里,21363
64000,高雄市,1001209,橋頭區,總計,248088
64000,高雄市,1001210,燕巢區,橫山里,91006
64000,高雄市,1001210,燕巢區,深水里,21404
64000,高雄市,1001210,燕巢區,角宿里,45027
64000,高雄市,1001210,燕巢區,尖山里,10661
64000,高雄市,1001210,燕巢區,安招里,82
64000,高雄市,1001210,燕巢區,南燕里,62351
64000,高雄市,1001210,燕巢區,金山里,4946
64000,高雄市,1001210,燕巢區,東燕里,856
64000,高雄市,1001210,燕巢區,瓊林里,906
64000,高雄市,1001210,燕巢區,西燕里,50156
64000,高雄市,1001210,燕巢區,鳳雄里,12939
64000,高雄市,1001210,燕巢區,總計,300334
64000,高雄市,1001211,田寮區,南安里,7119
64000,高雄市,1001211,田寮區,新興里,1819
64000,高雄市,1001211,田寮區,七星里,349
64000,高雄市,1001211,田寮區,崇德里,185
64000,高雄市,1001211,田寮區,古亭里,27
64000,高雄市,1001211,田寮區,鹿埔里,0
64000,高雄市,1001211,田寮區,大同里,1
64000,高雄市,1001211,田寮區,西德里,0
64000,高雄市,1001211,田寮區,三和里,0
64000,高雄市,1001211,田寮區,田寮里,164
64000,高雄市,1001211,田寮區,總計,9664
64000,高雄市,1001212,阿蓮區,石安里,20222
64000,高雄市,1001212,阿蓮區,崗山里,9532
64000,高雄市,1001212,阿蓮區,青旗里,16836
64000,高雄市,1001212,阿蓮區,復安里,28005
64000,高雄市,1001212,阿蓮區,南蓮里,49933
64000,高雄市,1001212,阿蓮區,港後里,33495
64000,高雄市,1001212,阿蓮區,和蓮里,34386
64000,高雄市,1001212,阿蓮區,清蓮里,38723
64000,高雄市,1001212,阿蓮區,中路里,26793
64000,高雄市,1001212,阿蓮區,玉庫里,15376
64000,高雄市,1001212,阿蓮區,阿蓮里,83598
64000,高雄市,1001212,阿蓮區,峯山里,15306
64000,高雄市,1001212,阿蓮區,總計,372205
64000,高雄市,1001213,路竹區,後鄉里,17088
64000,高雄市,1001213,路竹區,竹南里,37902
64000,高雄市,1001213,路竹區,文北里,38254
64000,高雄市,1001213,路竹區,三爺里,19278
64000,高雄市,1001213,路竹區,新達里,16273
64000,高雄市,1001213,路竹區,頂寮里,14482
64000,高雄市,1001213,路竹區,鴨寮里,28156
64000,高雄市,1001213,路竹區,下坑里,34791
64000,高雄市,1001213,路竹區,竹西里,32158
64000,高雄市,1001213,路竹區,竹東里,89388
64000,高雄市,1001213,路竹區,社中里,10430
64000,高雄市,1001213,路竹區,竹滬里,41969
64000,高雄市,1001213,路竹區,文南里,38602
64000,高雄市,1001213,路竹區,社東里,21959
64000,高雄市,1001213,路竹區,社西里,68337
64000,高雄市,1001213,路竹區,甲北里,24255
64000,高雄市,1001213,路竹區,甲南里,48293
64000,高雄市,1001213,路竹區,竹園里,29011
64000,高雄市,1001213,路竹區,北嶺里,28611
64000,高雄市,1001213,路竹區,社南里,37289
64000,高雄市,1001213,路竹區,總計,676526
64000,高雄市,1001214,湖內區,海埔里,121
64000,高雄市,1001214,湖內區,葉厝里,274
64000,高雄市,1001214,湖內區,逸賢里,37
64000,高雄市,1001214,湖內區,大湖里,505
64000,高雄市,1001214,湖內區,忠興里,129
64000,高雄市,1001214,湖內區,田尾里,0
64000,高雄市,1001214,湖內區,海山里,0
64000,高雄市,1001214,湖內區,劉家里,0
64000,高雄市,1001214,湖內區,太爺里,0
64000,高雄市,1001214,湖內區,文賢里,21
64000,高雄市,1001214,湖內區,湖東里,996
64000,高雄市,1001214,湖內區,中賢里,1256
64000,高雄市,1001214,湖內區,湖內里,4537
64000,高雄市,1001214,湖內區,公館里,1372
64000,高雄市,1001214,湖內區,總計,9248
64000,高雄市,1001215,茄萣區,福德里,649
64000,高雄市,1001215,茄萣區,萬福里,574
64000,高雄市,1001215,茄萣區,嘉安里,0
64000,高雄市,1001215,茄萣區,嘉定里,0
64000,高雄市,1001215,茄萣區,光定里,37
64000,高雄市,1001215,茄萣區,大定里,0
64000,高雄市,1001215,茄萣區,嘉泰里,58
64000,高雄市,1001215,茄萣區,嘉福里,0
64000,高雄市,1001215,茄萣區,和協里,0
64000,高雄市,1001215,茄萣區,嘉樂里,53
64000,高雄市,1001215,茄萣區,保定里,61
64000,高雄市,1001215,茄萣區,崎漏里,2377
64000,高雄市,1001215,茄萣區,嘉賜里,822
64000,高雄市,1001215,茄萣區,吉定里,474
64000,高雄市,1001215,茄萣區,白雲里,1762
64000,高雄市,1001215,茄萣區,總計,6867
64000,高雄市,1001216,永安區,新港里,375
64000,高雄市,1001216,永安區,維新里,530
64000,高雄市,1001216,永安區,保寧里,989
64000,高雄市,1001216,永安區,鹽田里,15
64000,高雄市,1001216,永安區,永華里,656
64000,高雄市,1001216,永安區,永安里,1223
64000,高雄市,1001216,永安區,總計,3788
64000,高雄市,1001217,彌陀區,文安里,20548
64000,高雄市,1001217,彌陀區,舊港里,17231
64000,高雄市,1001217,彌陀區,鹽埕里,472
64000,高雄市,1001217,彌陀區,彌陀里,93
64000,高雄市,1001217,彌陀區,光和里,97
64000,高雄市,1001217,彌陀區,過港里,10153
64000,高雄市,1001217,彌陀區,彌靖里,331
64000,高雄市,1001217,彌陀區,海尾里,11201
64000,高雄市,1001217,彌陀區,彌壽里,9584
64000,高雄市,1001217,彌陀區,彌仁里,7643
64000,高雄市,1001217,彌陀區,漯底里,14595
64000,高雄市,1001217,彌陀區,南寮里,24185
64000,高雄市,1001217,彌陀區,總計,116133
64000,高雄市,1001218,梓官區,梓信里,32509
64000,高雄市,1001218,梓官區,梓和里,31506
64000,高雄市,1001218,梓官區,梓義里,34312
64000,高雄市,1001218,梓官區,禮蚵里,671
64000,高雄市,1001218,梓官區,同安里,12006
64000,高雄市,1001218,梓官區,典寶里,4178
64000,高雄市,1001218,梓官區,赤東里,29302
64000,高雄市,1001218,梓官區,智蚵里,654
64000,高雄市,1001218,梓官區,赤西里,8164
64000,高雄市,1001218,梓官區,茄苳里,0
64000,高雄市,1001218,梓官區,大舍里,487
64000,高雄市,1001218,梓官區,赤崁里,744
64000,高雄市,1001218,梓官區,中崙里,14324
64000,高雄市,1001218,梓官區,梓平里,19856
64000,高雄市,1001218,梓官區,信蚵里,42877
64000,高雄市,1001218,梓官區,總計,231590
64000,高雄市,1001219,旗山區,南勝里,9754
64000,高雄市,1001219,旗山區,圓富里,43179
64000,高雄市,1001219,旗山區,東平里,2122
64000,高雄市,1001219,旗山區,東昌里,9
64000,高雄市,1001219,旗山區,大德里,3017
64000,高雄市,1001219,旗山區,鯤洲里,4941
64000,高雄市,1001219,旗山區,上洲里,10345
64000,高雄市,1001219,旗山區,中寮里,0
64000,高雄市,1001219,旗山區,廣福里,0
64000,高雄市,1001219,旗山區,中洲里,5456
64000,高雄市,1001219,旗山區,新光里,3235
64000,高雄市,1001219,旗山區,永和里,65999
64000,高雄市,1001219,旗山區,南洲里,12041
64000,高雄市,1001219,旗山區,大山里,11283
64000,高雄市,1001219,旗山區,瑞吉里,38341
64000,高雄市,1001219,旗山區,太平里,18555
64000,高雄市,1001219,旗山區,湄洲里,3251
64000,高雄市,1001219,旗山區,三協里,35031
64000,高雄市,1001219,旗山區,大林里,11233
64000,高雄市,1001219,旗山區,中正里,10164
64000,高雄市,1001219,旗山區,竹峰里,18838
64000,高雄市,1001219,旗山區,總計,306794
64000,高雄市,1001220,美濃區,合和里,26068
64000,高雄市,1001220,美濃區,龍山里,11741
64000,高雄市,1001220,美濃區,祿興里,23356
64000,高雄市,1001220,美濃區,廣林里,8026
64000,高雄市,1001220,美濃區,中壇里,4349
64000,高雄市,1001220,美濃區,興隆里,12265
64000,高雄市,1001220,美濃區,吉東里,32
64000,高雄市,1001220,美濃區,德興里,27
64000,高雄市,1001220,美濃區,泰安里,746
64000,高雄市,1001220,美濃區,東門里,193
64000,高雄市,1001220,美濃區,福安里,20280
64000,高雄市,1001220,美濃區,獅山里,3553
64000,高雄市,1001220,美濃區,廣德里,44
64000,高雄市,1001220,美濃區,吉洋里,506
64000,高雄市,1001220,美濃區,吉和里,0
64000,高雄市,1001220,美濃區,龍肚里,15723
64000,高雄市,1001220,美濃區,清水里,381
64000,高雄市,1001220,美濃區,中圳里,15387
64000,高雄市,1001220,美濃區,瀰濃里,21604
64000,高雄市,1001220,美濃區,總計,164281
64000,高雄市,1001221,六龜區,文武里,17595
64000,高雄市,1001221,六龜區,新寮里,5495
64000,高雄市,1001221,六龜區,新興里,4380
64000,高雄市,1001221,六龜區,六龜里,1324
64000,高雄市,1001221,六龜區,興龍里,0
64000,高雄市,1001221,六龜區,新發里,0
64000,高雄市,1001221,六龜區,荖濃里,0
64000,高雄市,1001221,六龜區,寶來里,0
64000,高雄市,1001221,六龜區,大津里,503
64000,高雄市,1001221,六龜區,新威里,3124
64000,高雄市,1001221,六龜區,義寶里,17772
64000,高雄市,1001221,六龜區,中興里,1949
64000,高雄市,1001221,六龜區,總計,52142
64000,高雄市,1001222,甲仙區,關山里,353
64000,高雄市,1001222,甲仙區,東安里,1034
64000,高雄市,1001222,甲仙區,大田里,69
64000,高雄市,1001222,甲仙區,和安里,126
64000,高雄市,1001222,甲仙區,小林里,2218
64000,高雄市,1001222,甲仙區,寶隆里,0
64000,高雄市,1001222,甲仙區,西安里,14075
64000,高雄市,1001222,甲仙區,總計,17875
64000,高雄市,1001223,杉林區,集來里,0
64000,高雄市,1001223,杉林區,新庄里,0
64000,高雄市,1001223,杉林區,月美里,0
64000,高雄市,1001223,杉林區,上平里,434
64000,高雄市,1001223,杉林區,木梓里,5939
64000,高雄市,1001223,杉林區,杉林里,581
64000,高雄市,1001223,杉林區,月眉里,24343
64000,高雄市,1001223,杉林區,總計,31297
64000,高雄市,1001224,內門區,東埔里,6301
64000,高雄市,1001224,內門區,永興里,5603
64000,高雄市,1001224,內門區,木柵里,7150
64000,高雄市,1001224,內門區,內東里,73
64000,高雄市,1001224,內門區,內興里,4904
64000,高雄市,1001224,內門區,觀亭里,1077
64000,高雄市,1001224,內門區,永富里,10549
64000,高雄市,1001224,內門區,金竹里,116
64000,高雄市,1001224,內門區,石坑里,4580
64000,高雄市,1001224,內門區,光興里,90
64000,高雄市,1001224,內門區,瑞山里,22
64000,高雄市,1001224,內門區,三平里,8613
64000,高雄市,1001224,內門區,中埔里,44
64000,高雄市,1001224,內門區,溝坪里,507
64000,高雄市,1001224,內門區,內南里,4908
64000,高雄市,1001224,內門區,永吉里,3099
64000,高雄市,1001224,內門區,內門里,14272
64000,高雄市,1001224,內門區,內豊里,16198
64000,高雄市,1001224,內門區,總計,88106
64000,高雄市,1001225,茂林區,茂林里,6570
64000,高雄市,1001225,茂林區,萬山里,0
64000,高雄市,1001225,茂林區,多納里,5094
64000,高雄市,1001225,茂林區,總計,11664
64000,高雄市,1001226,桃源區,桃源里,0
64000,高雄市,1001226,桃源區,寶山里,0
64000,高雄市,1001226,桃源區,建山里,0
64000,高雄市,1001226,桃源區,高中里,0
64000,高雄市,1001226,桃源區,勤和里,0
64000,高雄市,1001226,桃源區,復興里,0
64000,高雄市,1001226,桃源區,拉芙蘭里,0
64000,高雄市,1001226,桃源區,梅山里,0
64000,高雄市,1001226,桃源區,總計,--
64000,高雄市,1001227,那瑪夏區,達卡努瓦里,2950
64000,高雄市,1001227,那瑪夏區,瑪雅里,0
64000,高雄市,1001227,那瑪夏區,南沙魯里,0
64000,高雄市,1001227,那瑪夏區,總計,2950
10002,宜蘭縣,1000201,宜蘭市,民族里,18146
10002,宜蘭縣,1000201,宜蘭市,思源里,17099
10002,宜蘭縣,1000201,宜蘭市,民權里,3169
10002,宜蘭縣,1000201,宜蘭市,東門里,5595
10002,宜蘭縣,1000201,宜蘭市,北津里,28968
10002,宜蘭縣,1000201,宜蘭市,南橋里,448
10002,宜蘭縣,1000201,宜蘭市,建軍里,6323
10002,宜蘭縣,1000201,宜蘭市,南津里,1866
10002,宜蘭縣,1000201,宜蘭市,負郭里,3331
10002,宜蘭縣,1000201,宜蘭市,北門里,955
10002,宜蘭縣,1000201,宜蘭市,神農里,3453
10002,宜蘭縣,1000201,宜蘭市,延平里,2260
10002,宜蘭縣,1000201,宜蘭市,東村里,8205
10002,宜蘭縣,1000201,宜蘭市,小東里,163
10002,宜蘭縣,1000201,宜蘭市,凱旋里,2769
10002,宜蘭縣,1000201,宜蘭市,慈安里,438
10002,宜蘭縣,1000201,宜蘭市,黎明里,88
10002,宜蘭縣,1000201,宜蘭市,新民里,37
10002,宜蘭縣,1000201,宜蘭市,中山里,0
10002,宜蘭縣,1000201,宜蘭市,西門里,0
10002,宜蘭縣,1000201,宜蘭市,復興里,187
10002,宜蘭縣,1000201,宜蘭市,進士里,1542
10002,宜蘭縣,1000201,宜蘭市,建業里,3872
10002,宜蘭縣,1000201,宜蘭市,菜園里,976
10002,宜蘭縣,1000201,宜蘭市,孝廉里,1068
10002,宜蘭縣,1000201,宜蘭市,梅洲里,27542
10002,宜蘭縣,1000201,宜蘭市,七張里,11890
10002,宜蘭縣,1000201,宜蘭市,文化里,5468
10002,宜蘭縣,1000201,宜蘭市,新生里,42251
10002,宜蘭縣,1000201,宜蘭市,南門里,4516
10002,宜蘭縣,1000201,宜蘭市,茭白里,40794
10002,宜蘭縣,1000201,宜蘭市,總計,243419
10002,宜蘭縣,1000202,羅東鎮,南昌里,78907
10002,宜蘭縣,1000202,羅東鎮,北成里,83245
10002,宜蘭縣,1000202,羅東鎮,成功里,36616
10002,宜蘭縣,1000202,羅東鎮,大新里,46131
10002,宜蘭縣,1000202,羅東鎮,賢文里,82045
10002,宜蘭縣,1000202,羅東鎮,仁和里,3642
10002,宜蘭縣,1000202,羅東鎮,竹林里,16251
10002,宜蘭縣,1000202,羅東鎮,漢民里,81412
10002,宜蘭縣,1000202,羅東鎮,國華里,13876
10002,宜蘭縣,1000202,羅東鎮,西安里,83166
10002,宜蘭縣,1000202,羅東鎮,維揚里,7185
10002,宜蘭縣,1000202,羅東鎮,集祥里,31236
10002,宜蘭縣,1000202,羅東鎮,南豪里,24387
10002,宜蘭縣,1000202,羅東鎮,樹林里,5530
10002,宜蘭縣,1000202,羅東鎮,信義里,70293
10002,宜蘭縣,1000202,羅東鎮,羅莊里,96
10002,宜蘭縣,1000202,羅東鎮,東安里,46
10002,宜蘭縣,1000202,羅東鎮,開明里,1398
10002,宜蘭縣,1000202,羅東鎮,仁愛里,505
10002,宜蘭縣,1000202,羅東鎮,新群里,0
10002,宜蘭縣,1000202,羅東鎮,中山里,1884
10002,宜蘭縣,1000202,羅東鎮,公正里,54811
10002,宜蘭縣,1000202,羅東鎮,仁德里,27037
10002,宜蘭縣,1000202,羅東鎮,總計,749699
10002,宜蘭縣,1000203,蘇澳鎮,南建里,4489
10002,宜蘭縣,1000203,蘇澳鎮,頂寮里,154
10002,宜蘭縣,1000203,蘇澳鎮,港邊里,4594
10002,宜蘭縣,1000203,蘇澳鎮,蘇東里,1208
10002,宜蘭縣,1000203,蘇澳鎮,聖湖里,3113
10002,宜蘭縣,1000203,蘇澳鎮,南強里,12208
10002,宜蘭縣,1000203,蘇澳鎮,龍德里,1691
10002,宜蘭縣,1000203,蘇澳鎮,蘇西里,9521
10002,宜蘭縣,1000203,蘇澳鎮,南寧里,1454
10002,宜蘭縣,1000203,蘇澳鎮,長安里,252
10002,宜蘭縣,1000203,蘇澳鎮,南正里,67
10002,宜蘭縣,1000203,蘇澳鎮,永春里,280
10002,宜蘭縣,1000203,蘇澳鎮,隘丁里,136
10002,宜蘭縣,1000203,蘇澳鎮,存仁里,0
10002,宜蘭縣,1000203,蘇澳鎮,永樂里,0
10002,宜蘭縣,1000203,蘇澳鎮,永光里,0
10002,宜蘭縣,1000203,蘇澳鎮,南成里,0
10002,宜蘭縣,1000203,蘇澳鎮,南興里,0
10002,宜蘭縣,1000203,蘇澳鎮,蘇南里,0
10002,宜蘭縣,1000203,蘇澳鎮,新城里,4866
10002,宜蘭縣,1000203,蘇澳鎮,蘇北里,148
10002,宜蘭縣,1000203,蘇澳鎮,南安里,744
10002,宜蘭縣,1000203,蘇澳鎮,永榮里,2523
10002,宜蘭縣,1000203,蘇澳鎮,朝陽里,1634
10002,宜蘭縣,1000203,蘇澳鎮,東澳里,1340
10002,宜蘭縣,1000203,蘇澳鎮,總計,50422
10002,宜蘭縣,1000204,頭城鎮,竹安里,20072
10002,宜蘭縣,1000204,頭城鎮,大里里,4751
10002,宜蘭縣,1000204,頭城鎮,拔雅里,13767
10002,宜蘭縣,1000204,頭城鎮,二城里,4737
10002,宜蘭縣,1000204,頭城鎮,合興里,2706
10002,宜蘭縣,1000204,頭城鎮,大溪里,7014
10002,宜蘭縣,1000204,頭城鎮,外澳里,3257
10002,宜蘭縣,1000204,頭城鎮,更新里,1726
10002,宜蘭縣,1000204,頭城鎮,下埔里,3853
10002,宜蘭縣,1000204,頭城鎮,石城里,1946
10002,宜蘭縣,1000204,頭城鎮,大坑里,10457
10002,宜蘭縣,1000204,頭城鎮,城西里,1039
10002,宜蘭縣,1000204,頭城鎮,龜山里,3694
10002,宜蘭縣,1000204,頭城鎮,福成里,443
10002,宜蘭縣,1000204,頭城鎮,金盈里,32
10002,宜蘭縣,1000204,頭城鎮,城東里,4531
10002,宜蘭縣,1000204,頭城鎮,金面里,5972
10002,宜蘭縣,1000204,頭城鎮,城北里,2736
10002,宜蘭縣,1000204,頭城鎮,武營里,9522
10002,宜蘭縣,1000204,頭城鎮,中崙里,5238
10002,宜蘭縣,1000204,頭城鎮,頂埔里,6034
10002,宜蘭縣,1000204,頭城鎮,城南里,5546
10002,宜蘭縣,1000204,頭城鎮,港口里,2838
10002,宜蘭縣,1000204,頭城鎮,新建里,11548
10002,宜蘭縣,1000204,頭城鎮,總計,133459
10002,宜蘭縣,1000205,礁溪鄉,德陽村,109095
10002,宜蘭縣,1000205,礁溪鄉,大忠村,27921
10002,宜蘭縣,1000205,礁溪鄉,玉光村,6957
10002,宜蘭縣,1000205,礁溪鄉,白雲村,9536
10002,宜蘭縣,1000205,礁溪鄉,時潮村,17581
10002,宜蘭縣,1000205,礁溪鄉,匏崙村,537
10002,宜蘭縣,1000205,礁溪鄉,吳沙村,19769
10002,宜蘭縣,1000205,礁溪鄉,光武村,11319
10002,宜蘭縣,1000205,礁溪鄉,二龍村,6156
10002,宜蘭縣,1000205,礁溪鄉,二結村,0
10002,宜蘭縣,1000205,礁溪鄉,大義村,1264
10002,宜蘭縣,1000205,礁溪鄉,白鵝村,2968
10002,宜蘭縣,1000205,礁溪鄉,六結村,14848
10002,宜蘭縣,1000205,礁溪鄉,玉田村,17490
10002,宜蘭縣,1000205,礁溪鄉,三民村,11302
10002,宜蘭縣,1000205,礁溪鄉,龍潭村,27320
10002,宜蘭縣,1000205,礁溪鄉,林美村,25668
10002,宜蘭縣,1000205,礁溪鄉,玉石村,30158
10002,宜蘭縣,1000205,礁溪鄉,總計,339889
10002,宜蘭縣,1000206,壯圍鄉,大福村,28375
10002,宜蘭縣,1000206,壯圍鄉,新社村,14409
10002,宜蘭縣,1000206,壯圍鄉,復興村,12204
10002,宜蘭縣,1000206,壯圍鄉,忠孝村,14244
10002,宜蘭縣,1000206,壯圍鄉,古亭村,12272
10002,宜蘭縣,1000206,壯圍鄉,東港村,7987
10002,宜蘭縣,1000206,壯圍鄉,新南村,474
10002,宜蘭縣,1000206,壯圍鄉,永鎮村,8280
10002,宜蘭縣,1000206,壯圍鄉,古結村,0
10002,宜蘭縣,1000206,壯圍鄉,美福村,263
10002,宜蘭縣,1000206,壯圍鄉,過嶺村,15386
10002,宜蘭縣,1000206,壯圍鄉,吉祥村,1353
10002,宜蘭縣,1000206,壯圍鄉,美城村,15913
10002,宜蘭縣,1000206,壯圍鄉,功勞村,13169
10002,宜蘭縣,1000206,壯圍鄉,總計,144329
10002,宜蘭縣,1000207,員山鄉,永和村,15207
10002,宜蘭縣,1000207,員山鄉,員山村,2439
10002,宜蘭縣,1000207,員山鄉,同樂村,24919
10002,宜蘭縣,1000207,員山鄉,深溝村,3955
10002,宜蘭縣,1000207,員山鄉,湖東村,5900
10002,宜蘭縣,1000207,員山鄉,蓁巷村,46
10002,宜蘭縣,1000207,員山鄉,湖北村,4457
10002,宜蘭縣,1000207,員山鄉,中華村,0
10002,宜蘭縣,1000207,員山鄉,惠好村,23
10002,宜蘭縣,1000207,員山鄉,七賢村,0
10002,宜蘭縣,1000207,員山鄉,內城村,397
10002,宜蘭縣,1000207,員山鄉,湖西村,3039
10002,宜蘭縣,1000207,員山鄉,逸仙村,4586
10002,宜蘭縣,1000207,員山鄉,尚德村,8462
10002,宜蘭縣,1000207,員山鄉,枕山村,28936
10002,宜蘭縣,1000207,員山鄉,頭分村,10879
10002,宜蘭縣,1000207,員山鄉,總計,113245
10002,宜蘭縣,1000208,冬山鄉,廣興村,22104
10002,宜蘭縣,1000208,冬山鄉,南興村,42122
10002,宜蘭縣,1000208,冬山鄉,八寶村,8253
10002,宜蘭縣,1000208,冬山鄉,冬山村,15752
10002,宜蘭縣,1000208,冬山鄉,太和村,19975
10002,宜蘭縣,1000208,冬山鄉,安平村,4074
10002,宜蘭縣,1000208,冬山鄉,東城村,6271
10002,宜蘭縣,1000208,冬山鄉,武淵村,229
10002,宜蘭縣,1000208,冬山鄉,補城村,0
10002,宜蘭縣,1000208,冬山鄉,三奇村,0
10002,宜蘭縣,1000208,冬山鄉,廣安村,9
10002,宜蘭縣,1000208,冬山鄉,香和村,35816
10002,宜蘭縣,1000208,冬山鄉,珍珠村,5529
10002,宜蘭縣,1000208,冬山鄉,得安村,16044
10002,宜蘭縣,1000208,冬山鄉,中山村,2198
10002,宜蘭縣,1000208,冬山鄉,鹿埔村,15437
10002,宜蘭縣,1000208,冬山鄉,丸山村,18255
10002,宜蘭縣,1000208,冬山鄉,群英村,74251
10002,宜蘭縣,1000208,冬山鄉,永美村,51351
10002,宜蘭縣,1000208,冬山鄉,清溝村,59837
10002,宜蘭縣,1000208,冬山鄉,順安村,69769
10002,宜蘭縣,1000208,冬山鄉,柯林村,12257
10002,宜蘭縣,1000208,冬山鄉,大進村,7037
10002,宜蘭縣,1000208,冬山鄉,大興村,273385
10002,宜蘭縣,1000208,冬山鄉,總計,759955
10002,宜蘭縣,1000209,五結鄉,成興村,2787
10002,宜蘭縣,1000209,五結鄉,福興村,159
10002,宜蘭縣,1000209,五結鄉,三興村,520
10002,宜蘭縣,1000209,五結鄉,二結村,626
10002,宜蘭縣,1000209,五結鄉,鎮安村,875
10002,宜蘭縣,1000209,五結鄉,五結村,1952
10002,宜蘭縣,1000209,五結鄉,中興村,470
10002,宜蘭縣,1000209,五結鄉,錦眾村,0
10002,宜蘭縣,1000209,五結鄉,利澤村,32
10002,宜蘭縣,1000209,五結鄉,大吉村,1813
10002,宜蘭縣,1000209,五結鄉,孝威村,831
10002,宜蘭縣,1000209,五結鄉,四結村,905
10002,宜蘭縣,1000209,五結鄉,上四村,1522
10002,宜蘭縣,1000209,五結鄉,協和村,9221
10002,宜蘭縣,1000209,五結鄉,季新村,17711
10002,宜蘭縣,1000209,五結鄉,總計,39424
10002,宜蘭縣,1000210,三星鄉,集慶村,20670
10002,宜蘭縣,1000210,三星鄉,月眉村,15759
10002,宜蘭縣,1000210,三星鄉,義德村,22737
10002,宜蘭縣,1000210,三星鄉,行健村,5600
10002,宜蘭縣,1000210,三星鄉,天山村,4654
10002,宜蘭縣,1000210,三星鄉,雙賢村,5226
10002,宜蘭縣,1000210,三星鄉,天福村,7178
10002,宜蘭縣,1000210,三星鄉,員山村,0
10002,宜蘭縣,1000210,三星鄉,大義村,13156
10002,宜蘭縣,1000210,三星鄉,人和村,4902
10002,宜蘭縣,1000210,三星鄉,萬富村,7188
10002,宜蘭縣,1000210,三星鄉,尚武村,12842
10002,宜蘭縣,1000210,三星鄉,貴林村,6328
10002,宜蘭縣,1000210,三星鄉,拱照村,4240
10002,宜蘭縣,1000210,三星鄉,萬德村,7559
10002,宜蘭縣,1000210,三星鄉,大洲村,27064
10002,宜蘭縣,1000210,三星鄉,尾塹村,20351
10002,宜蘭縣,1000210,三星鄉,大隱村,37026
10002,宜蘭縣,1000210,三星鄉,總計,222480
10002,宜蘭縣,1000211,大同鄉,四季村,3160
10002,宜蘭縣,1000211,大同鄉,南山村,5585
10002,宜蘭縣,1000211,大同鄉,茂安村,0
10002,宜蘭縣,1000211,大同鄉,樂水村,0
10002,宜蘭縣,1000211,大同鄉,太平村,0
10002,宜蘭縣,1000211,大同鄉,崙埤村,0
10002,宜蘭縣,1000211,大同鄉,松羅村,0
10002,宜蘭縣,1000211,大同鄉,復興村,0
10002,宜蘭縣,1000211,大同鄉,英士村,973
10002,宜蘭縣,1000211,大同鄉,寒溪村,6339
10002,宜蘭縣,1000211,大同鄉,總計,16057
10002,宜蘭縣,1000212,南澳鄉,東岳村,4289
10002,宜蘭縣,1000212,南澳鄉,南澳村,19072
10002,宜蘭縣,1000212,南澳鄉,金岳村,2559
10002,宜蘭縣,1000212,南澳鄉,碧候村,6172
10002,宜蘭縣,1000212,南澳鄉,金洋村,1528
10002,宜蘭縣,1000212,南澳鄉,澳花村,8976
10002,宜蘭縣,1000212,南澳鄉,武塔村,5617
10002,宜蘭縣,1000212,南澳鄉,總計,48213
10003,桃園縣,1000301,桃園區,大林里,16641
10003,桃園縣,1000301,桃園區,中山里,4020
10003,桃園縣,1000301,桃園區,文化里,20374
10003,桃園縣,1000301,桃園區,新埔里,168749
10003,桃園縣,1000301,桃園區,武陵里,15867
10003,桃園縣,1000301,桃園區,龍山里,25690
10003,桃園縣,1000301,桃園區,汴洲里,91873
10003,桃園縣,1000301,桃園區,雲林里,407
10003,桃園縣,1000301,桃園區,文明里,491
10003,桃園縣,1000301,桃園區,大豐里,1247
10003,桃園縣,1000301,桃園區,三元里,56794
10003,桃園縣,1000301,桃園區,南門里,4386
10003,桃園縣,1000301,桃園區,中信里,1334
10003,桃園縣,1000301,桃園區,福林里,5945
10003,桃園縣,1000301,桃園區,中泰里,5424
10003,桃園縣,1000301,桃園區,玉山里,6279
10003,桃園縣,1000301,桃園區,中路里,5314
10003,桃園縣,1000301,桃園區,中聖里,2390
10003,桃園縣,1000301,桃園區,建國里,518
10003,桃園縣,1000301,桃園區,東山里,1761
10003,桃園縣,1000301,桃園區,豐林里,2445
10003,桃園縣,1000301,桃園區,龍鳳里,685
10003,桃園縣,1000301,桃園區,龍壽里,602
10003,桃園縣,1000301,桃園區,文昌里,403
10003,桃園縣,1000301,桃園區,南華里,289
10003,桃園縣,1000301,桃園區,泰山里,68
10003,桃園縣,1000301,桃園區,明德里,30816
10003,桃園縣,1000301,桃園區,中平里,0
10003,桃園縣,1000301,桃園區,中原里,0
10003,桃園縣,1000301,桃園區,龍安里,0
10003,桃園縣,1000301,桃園區,文中里,8355
10003,桃園縣,1000301,桃園區,北埔里,17144
10003,桃園縣,1000301,桃園區,福安里,5956
10003,桃園縣,1000301,桃園區,東門里,24359
10003,桃園縣,1000301,桃園區,寶慶里,18451
10003,桃園縣,1000301,桃園區,中德里,66415
10003,桃園縣,1000301,桃園區,民生里,8156
10003,桃園縣,1000301,桃園區,中成里,41071
10003,桃園縣,1000301,桃園區,長美里,15943
10003,桃園縣,1000301,桃園區,西湖里,17206
10003,桃園縣,1000301,桃園區,永興里,31406
10003,桃園縣,1000301,桃園區,忠義里,87360
10003,桃園縣,1000301,桃園區,北門里,31734
10003,桃園縣,1000301,桃園區,寶安里,47905
10003,桃園縣,1000301,桃園區,慈文里,83305
10003,桃園縣,1000301,桃園區,中正里,14583
10003,桃園縣,1000301,桃園區,萬壽里,7796
10003,桃園縣,1000301,桃園區,同德里,87238
10003,桃園縣,1000301,桃園區,龍祥里,4779
10003,桃園縣,1000301,桃園區,朝陽里,37228
10003,桃園縣,1000301,桃園區,中和里,40926
10003,桃園縣,1000301,桃園區,大有里,53735
10003,桃園縣,1000301,桃園區,成功里,44147
10003,桃園縣,1000301,桃園區,瑞慶里,30598
10003,桃園縣,1000301,桃園區,莊敬里,118343
10003,桃園縣,1000301,桃園區,西門里,19236
10003,桃園縣,1000301,桃園區,龍岡里,7866
10003,桃園縣,1000301,桃園區,自強里,94664
10003,桃園縣,1000301,桃園區,春日里,82545
10003,桃園縣,1000301,桃園區,三民里,59293
10003,桃園縣,1000301,桃園區,中埔里,41260
10003,桃園縣,1000301,桃園區,中興里,71337
10003,桃園縣,1000301,桃園區,青溪里,79492
10003,桃園縣,1000301,桃園區,永安里,81429
10003,桃園縣,1000301,桃園區,南埔里,51434
10003,桃園縣,1000301,桃園區,中寧里,49071
10003,桃園縣,1000301,桃園區,光興里,88193
10003,桃園縣,1000301,桃園區,長安里,61766
10003,桃園縣,1000301,桃園區,西埔里,42187
10003,桃園縣,1000301,桃園區,寶山里,103533
10003,桃園縣,1000301,桃園區,同安里,142203
10003,桃園縣,1000301,桃園區,會稽里,136426
10003,桃園縣,1000301,桃園區,信光里,88983
10003,桃園縣,1000301,桃園區,長德里,70121
10003,桃園縣,1000301,桃園區,東埔里,103900
10003,桃園縣,1000301,桃園區,大興里,143915
10003,桃園縣,1000301,桃園區,總計,3033805
10003,桃園縣,1000302,中壢區,新興里,59816
10003,桃園縣,1000302,中壢區,水尾里,69748
10003,桃園縣,1000302,中壢區,普仁里,21046
10003,桃園縣,1000302,中壢區,五權里,169262
10003,桃園縣,1000302,中壢區,三民里,63239
10003,桃園縣,1000302,中壢區,內定里,8490
10003,桃園縣,1000302,中壢區,中堅里,44458
10003,桃園縣,1000302,中壢區,青埔里,3870
10003,桃園縣,1000302,中壢區,興仁里,16588
10003,桃園縣,1000302,中壢區,龍岡里,29727
10003,桃園縣,1000302,中壢區,普義里,53537
10003,桃園縣,1000302,中壢區,中原里,246
10003,桃園縣,1000302,中壢區,中榮里,17706
10003,桃園縣,1000302,中壢區,永興里,30658
10003,桃園縣,1000302,中壢區,忠義里,4984
10003,桃園縣,1000302,中壢區,健行里,294
10003,桃園縣,1000302,中壢區,正義里,2716
10003,桃園縣,1000302,中壢區,普慶里,2586
10003,桃園縣,1000302,中壢區,信義里,671
10003,桃園縣,1000302,中壢區,忠孝里,2149
10003,桃園縣,1000302,中壢區,文化里,1473
10003,桃園縣,1000302,中壢區,後寮里,7720
10003,桃園縣,1000302,中壢區,仁美里,2145
10003,桃園縣,1000302,中壢區,東興里,9338
10003,桃園縣,1000302,中壢區,龍昌里,1606
10003,桃園縣,1000302,中壢區,龍東里,397
10003,桃園縣,1000302,中壢區,五福里,65953
10003,桃園縣,1000302,中壢區,振興里,57692
10003,桃園縣,1000302,中壢區,至善里,2269
10003,桃園縣,1000302,中壢區,仁和里,66
10003,桃園縣,1000302,中壢區,福德里,3065
10003,桃園縣,1000302,中壢區,中正里,829
10003,桃園縣,1000302,中壢區,復華里,1297
10003,桃園縣,1000302,中壢區,內壢里,19
10003,桃園縣,1000302,中壢區,復興里,1401
10003,桃園縣,1000302,中壢區,普強里,17
10003,桃園縣,1000302,中壢區,和平里,0
10003,桃園縣,1000302,中壢區,龍安里,0
10003,桃園縣,1000302,中壢區,仁祥里,0
10003,桃園縣,1000302,中壢區,洽溪里,253
10003,桃園縣,1000302,中壢區,篤行里,0
10003,桃園縣,1000302,中壢區,龍平里,0
10003,桃園縣,1000302,中壢區,成功里,0
10003,桃園縣,1000302,中壢區,仁德里,0
10003,桃園縣,1000302,中壢區,自立里,0
10003,桃園縣,1000302,中壢區,仁愛里,0
10003,桃園縣,1000302,中壢區,莊敬里,0
10003,桃園縣,1000302,中壢區,自治里,0
10003,桃園縣,1000302,中壢區,龍慈里,0
10003,桃園縣,1000302,中壢區,自信里,0
10003,桃園縣,1000302,中壢區,林森里,55567
10003,桃園縣,1000302,中壢區,金華里,57494
10003,桃園縣,1000302,中壢區,中山里,9
10003,桃園縣,1000302,中壢區,華勛里,80
10003,桃園縣,1000302,中壢區,中興里,70
10003,桃園縣,1000302,中壢區,中建里,28461
10003,桃園縣,1000302,中壢區,仁福里,178
10003,桃園縣,1000302,中壢區,德義里,32461
10003,桃園縣,1000302,中壢區,龍興里,265
10003,桃園縣,1000302,中壢區,月眉里,29126
10003,桃園縣,1000302,中壢區,華愛里,771
10003,桃園縣,1000302,中壢區,中壢里,14376
10003,桃園縣,1000302,中壢區,永福里,5064
10003,桃園縣,1000302,中壢區,龍德里,1609
10003,桃園縣,1000302,中壢區,石頭里,81264
10003,桃園縣,1000302,中壢區,舊明里,35787
10003,桃園縣,1000302,中壢區,芝芭里,2487
10003,桃園縣,1000302,中壢區,興和里,11262
10003,桃園縣,1000302,中壢區,自強里,1078
10003,桃園縣,1000302,中壢區,中央里,116333
10003,桃園縣,1000302,中壢區,新明里,74790
10003,桃園縣,1000302,中壢區,仁義里,13023
10003,桃園縣,1000302,中壢區,興國里,54022
10003,桃園縣,1000302,中壢區,普忠里,6852
10003,桃園縣,1000302,中壢區,明德里,2080
10003,桃園縣,1000302,中壢區,忠福里,96139
10003,桃園縣,1000302,中壢區,興南里,89739
10003,桃園縣,1000302,中壢區,興平里,55686
10003,桃園縣,1000302,中壢區,幸福里,98948
10003,桃園縣,1000302,中壢區,新街里,58561
10003,桃園縣,1000302,中壢區,山東里,28273
10003,桃園縣,1000302,中壢區,永光里,83535
10003,桃園縣,1000302,中壢區,光明里,114674
10003,桃園縣,1000302,中壢區,過嶺里,55773
10003,桃園縣,1000302,中壢區,內厝里,46884
10003,桃園縣,1000302,中壢區,總計,2110052
10003,桃園縣,1000303,大溪區,員林里,12944
10003,桃園縣,1000303,大溪區,永福里,21048
10003,桃園縣,1000303,大溪區,田心里,49784
10003,桃園縣,1000303,大溪區,月眉里,11684
10003,桃園縣,1000303,大溪區,福仁里,15067
10003,桃園縣,1000303,大溪區,興和里,12494
10003,桃園縣,1000303,大溪區,一心里,27302
10003,桃園縣,1000303,大溪區,僑愛里,36433
10003,桃園縣,1000303,大溪區,仁善里,66464
10003,桃園縣,1000303,大溪區,仁文里,6443
10003,桃園縣,1000303,大溪區,仁愛里,47727
10003,桃園縣,1000303,大溪區,義和里,329
10003,桃園縣,1000303,大溪區,美華里,3427
10003,桃園縣,1000303,大溪區,福安里,114
10003,桃園縣,1000303,大溪區,康安里,0
10003,桃園縣,1000303,大溪區,中新里,0
10003,桃園縣,1000303,大溪區,仁和里,15352
10003,桃園縣,1000303,大溪區,新峰里,6694
10003,桃園縣,1000303,大溪區,仁武里,17798
10003,桃園縣,1000303,大溪區,復興里,2743
10003,桃園縣,1000303,大溪區,一德里,2631
10003,桃園縣,1000303,大溪區,仁義里,17357
10003,桃園縣,1000303,大溪區,瑞源里,20613
10003,桃園縣,1000303,大溪區,瑞興里,1872
10003,桃園縣,1000303,大溪區,三元里,30135
10003,桃園縣,1000303,大溪區,光明里,5206
10003,桃園縣,1000303,大溪區,南興里,33844
10003,桃園縣,1000303,大溪區,總計,465505
10003,桃園縣,1000304,楊梅區,金溪里,23735
10003,桃園縣,1000304,楊梅區,高山里,50472
10003,桃園縣,1000304,楊梅區,裕成里,38463
10003,桃園縣,1000304,楊梅區,中山里,39949
10003,桃園縣,1000304,楊梅區,大平里,39578
10003,桃園縣,1000304,楊梅區,東流里,30957
10003,桃園縣,1000304,楊梅區,瑞坪里,42
10003,桃園縣,1000304,楊梅區,永平里,668
10003,桃園縣,1000304,楊梅區,楊明里,43530
10003,桃園縣,1000304,楊梅區,四維里,519
10003,桃園縣,1000304,楊梅區,金龍里,586
10003,桃園縣,1000304,楊梅區,青山里,3075
10003,桃園縣,1000304,楊梅區,梅溪里,86924
10003,桃園縣,1000304,楊梅區,光華里,0
10003,桃園縣,1000304,楊梅區,瑞溪里,11998
10003,桃園縣,1000304,楊梅區,高上里,2745
10003,桃園縣,1000304,楊梅區,富豐里,5302
10003,桃園縣,1000304,楊梅區,裕新里,6238
10003,桃園縣,1000304,楊梅區,三民里,30579
10003,桃園縣,1000304,楊梅區,頭湖里,6237
10003,桃園縣,1000304,楊梅區,三湖里,37420
10003,桃園縣,1000304,楊梅區,高榮里,19546
10003,桃園縣,1000304,楊梅區,埔心里,1269
10003,桃園縣,1000304,楊梅區,富岡里,26064
10003,桃園縣,1000304,楊梅區,秀才里,37332
10003,桃園縣,1000304,楊梅區,瑞原里,38843
10003,桃園縣,1000304,楊梅區,上田里,29104
10003,桃園縣,1000304,楊梅區,雙榮里,21343
10003,桃園縣,1000304,楊梅區,仁美里,6575
10003,桃園縣,1000304,楊梅區,楊江里,20630
10003,桃園縣,1000304,楊梅區,員本里,23447
10003,桃園縣,1000304,楊梅區,新榮里,41366
10003,桃園縣,1000304,楊梅區,紅梅里,37862
10003,桃園縣,1000304,楊梅區,梅新里,27069
10003,桃園縣,1000304,楊梅區,永寧里,91429
10003,桃園縣,1000304,楊梅區,上湖里,19617
10003,桃園縣,1000304,楊梅區,水美里,49384
10003,桃園縣,1000304,楊梅區,豐野里,39715
10003,桃園縣,1000304,楊梅區,楊梅里,67874
10003,桃園縣,1000304,楊梅區,瑞塘里,10579
10003,桃園縣,1000304,楊梅區,大同里,78864
10003,桃園縣,1000304,楊梅區,總計,1146929
10003,桃園縣,1000305,蘆竹區,長興里,115814
10003,桃園縣,1000305,蘆竹區,坑口里,46483
10003,桃園縣,1000305,蘆竹區,山腳里,45213
10003,桃園縣,1000305,蘆竹區,內厝里,137605
10003,桃園縣,1000305,蘆竹區,瓦窯里,43537
10003,桃園縣,1000305,蘆竹區,海湖里,100399
10003,桃園縣,1000305,蘆竹區,錦中里,92640
10003,桃園縣,1000305,蘆竹區,坑子里,19795
10003,桃園縣,1000305,蘆竹區,南崁里,84295
10003,桃園縣,1000305,蘆竹區,大竹里,68963
10003,桃園縣,1000305,蘆竹區,蘆竹里,77740
10003,桃園縣,1000305,蘆竹區,山鼻里,42090
10003,桃園縣,1000305,蘆竹區,新興里,57359
10003,桃園縣,1000305,蘆竹區,外社里,19567
10003,桃園縣,1000305,蘆竹區,富竹里,17271
10003,桃園縣,1000305,蘆竹區,錦興里,82420
10003,桃園縣,1000305,蘆竹區,五福里,135602
10003,桃園縣,1000305,蘆竹區,南榮里,84553
10003,桃園縣,1000305,蘆竹區,營盤里,68980
10003,桃園縣,1000305,蘆竹區,宏竹里,34202
10003,桃園縣,1000305,蘆竹區,上竹里,63261
10003,桃園縣,1000305,蘆竹區,南興里,231618
10003,桃園縣,1000305,蘆竹區,中福里,86513
10003,桃園縣,1000305,蘆竹區,羊稠里,101743
10003,桃園縣,1000305,蘆竹區,新莊里,244406
10003,桃園縣,1000305,蘆竹區,總計,2102069
10003,桃園縣,1000306,大園區,竹圍里,219317
10003,桃園縣,1000306,大園區,大海里,10201
10003,桃園縣,1000306,大園區,大園里,98254
10003,桃園縣,1000306,大園區,五權里,31529
10003,桃園縣,1000306,大園區,沙崙里,5104
10003,桃園縣,1000306,大園區,田心里,935
10003,桃園縣,1000306,大園區,埔心里,1648
10003,桃園縣,1000306,大園區,圳頭里,5613
10003,桃園縣,1000306,大園區,內海里,15001
10003,桃園縣,1000306,大園區,北港里,311
10003,桃園縣,1000306,大園區,後厝里,561
10003,桃園縣,1000306,大園區,和平里,0
10003,桃園縣,1000306,大園區,菓林里,605
10003,桃園縣,1000306,大園區,海口里,16
10003,桃園縣,1000306,大園區,三石里,92
10003,桃園縣,1000306,大園區,溪海里,46846
10003,桃園縣,1000306,大園區,南港里,6274
10003,桃園縣,1000306,大園區,橫峰里,64818
10003,桃園縣,1000306,大園區,總計,507125
10003,桃園縣,1000307,龜山區,舊路里,60194
10003,桃園縣,1000307,龜山區,大坑里,28895
10003,桃園縣,1000307,龜山區,大崗里,108115
10003,桃園縣,1000307,龜山區,文化里,203711
10003,桃園縣,1000307,龜山區,龍華里,101550
10003,桃園縣,1000307,龜山區,山頂里,713
10003,桃園縣,1000307,龜山區,長庚里,26329
10003,桃園縣,1000307,龜山區,中興里,50785
10003,桃園縣,1000307,龜山區,兔坑里,416
10003,桃園縣,1000307,龜山區,南上里,63888
10003,桃園縣,1000307,龜山區,陸光里,57107
10003,桃園縣,1000307,龜山區,山德里,6
10003,桃園縣,1000307,龜山區,山福里,1025
10003,桃園縣,1000307,龜山區,新興里,515
10003,桃園縣,1000307,龜山區,新路里,30026
10003,桃園縣,1000307,龜山區,福源里,0
10003,桃園縣,1000307,龜山區,新嶺里,62
10003,桃園縣,1000307,龜山區,龜山里,56407
10003,桃園縣,1000307,龜山區,龍壽里,16566
10003,桃園縣,1000307,龜山區,幸福里,1838
10003,桃園縣,1000307,龜山區,大同里,21779
10003,桃園縣,1000307,龜山區,大華里,149902
10003,桃園縣,1000307,龜山區,公西里,56483
10003,桃園縣,1000307,龜山區,嶺頂里,31394
10003,桃園縣,1000307,龜山區,迴龍里,130171
10003,桃園縣,1000307,龜山區,大湖里,95327
10003,桃園縣,1000307,龜山區,楓樹里,68835
10003,桃園縣,1000307,龜山區,樂善里,127965
10003,桃園縣,1000307,龜山區,南美里,71114
10003,桃園縣,1000307,龜山區,精忠里,69467
10003,桃園縣,1000307,龜山區,總計,1630585
10003,桃園縣,1000308,八德區,大福里,9594
10003,桃園縣,1000308,八德區,大忠里,2987
10003,桃園縣,1000308,八德區,大興里,770
10003,桃園縣,1000308,八德區,大華里,1285
10003,桃園縣,1000308,八德區,高明里,49
10003,桃園縣,1000308,八德區,大仁里,0
10003,桃園縣,1000308,八德區,大強里,0
10003,桃園縣,1000308,八德區,大千里,740
10003,桃園縣,1000308,八德區,茄明里,0
10003,桃園縣,1000308,八德區,大漢里,0
10003,桃園縣,1000308,八德區,龍友里,0
10003,桃園縣,1000308,八德區,永豐里,13827
10003,桃園縣,1000308,八德區,大順里,932
10003,桃園縣,1000308,八德區,高城里,2
10003,桃園縣,1000308,八德區,大愛里,261
10003,桃園縣,1000308,八德區,霄裡里,3874
10003,桃園縣,1000308,八德區,大湳里,323
10003,桃園縣,1000308,八德區,大正里,715
10003,桃園縣,1000308,八德區,大竹里,320
10003,桃園縣,1000308,八德區,大安里,1755
10003,桃園縣,1000308,八德區,瑞祥里,531
10003,桃園縣,1000308,八德區,大發里,8197
10003,桃園縣,1000308,八德區,大勇里,1788
10003,桃園縣,1000308,八德區,大榮里,1360
10003,桃園縣,1000308,八德區,陸光里,70340
10003,桃園縣,1000308,八德區,大明里,48587
10003,桃園縣,1000308,八德區,白鷺里,33686
10003,桃園縣,1000308,八德區,大信里,20006
10003,桃園縣,1000308,八德區,大義里,4949
10003,桃園縣,1000308,八德區,廣德里,30015
10003,桃園縣,1000308,八德區,瑞豐里,23756
10003,桃園縣,1000308,八德區,瑞發里,16025
10003,桃園縣,1000308,八德區,竹園里,33533
10003,桃園縣,1000308,八德區,瑞興里,26540
10003,桃園縣,1000308,八德區,瑞泰里,37350
10003,桃園縣,1000308,八德區,大同里,27468
10003,桃園縣,1000308,八德區,瑞德里,38828
10003,桃園縣,1000308,八德區,廣興里,34990
10003,桃園縣,1000308,八德區,茄苳里,53104
10003,桃園縣,1000308,八德區,福興里,54937
10003,桃園縣,1000308,八德區,大慶里,28542
10003,桃園縣,1000308,八德區,大昌里,34612
10003,桃園縣,1000308,八德區,興仁里,46284
10003,桃園縣,1000308,八德區,大智里,38555
10003,桃園縣,1000308,八德區,廣隆里,49833
10003,桃園縣,1000308,八德區,大宏里,50876
10003,桃園縣,1000308,八德區,大和里,99580
10003,桃園縣,1000308,八德區,大成里,45546
10003,桃園縣,1000308,八德區,總計,997252
10003,桃園縣,1000309,龍潭區,中興里,94672
10003,桃園縣,1000309,龍潭區,八德里,61130
10003,桃園縣,1000309,龍潭區,龍星里,2789
10003,桃園縣,1000309,龍潭區,百年里,43315
10003,桃園縣,1000309,龍潭區,高平里,9175
10003,桃園縣,1000309,龍潭區,高原里,6426
10003,桃園縣,1000309,龍潭區,富林里,1549
10003,桃園縣,1000309,龍潭區,凌雲里,29503
10003,桃園縣,1000309,龍潭區,中正里,1731
10003,桃園縣,1000309,龍潭區,大平里,8406
10003,桃園縣,1000309,龍潭區,三坑里,245
10003,桃園縣,1000309,龍潭區,東興里,15930
10003,桃園縣,1000309,龍潭區,永興里,4095
10003,桃園縣,1000309,龍潭區,建林里,0
10003,桃園縣,1000309,龍潭區,三水里,0
10003,桃園縣,1000309,龍潭區,中山里,0
10003,桃園縣,1000309,龍潭區,龍潭里,8776
10003,桃園縣,1000309,龍潭區,上林里,15927
10003,桃園縣,1000309,龍潭區,佳安里,6729
10003,桃園縣,1000309,龍潭區,上華里,9643
10003,桃園縣,1000309,龍潭區,烏樹林里,5499
10003,桃園縣,1000309,龍潭區,武漢里,12097
10003,桃園縣,1000309,龍潭區,九龍里,51180
10003,桃園縣,1000309,龍潭區,三和里,20184
10003,桃園縣,1000309,龍潭區,龍祥里,17979
10003,桃園縣,1000309,龍潭區,烏林里,64357
10003,桃園縣,1000309,龍潭區,聖德里,19917
10003,桃園縣,1000309,龍潭區,北興里,19301
10003,桃園縣,1000309,龍潭區,三林里,17969
10003,桃園縣,1000309,龍潭區,黃唐里,44338
10003,桃園縣,1000309,龍潭區,總計,592862
10003,桃園縣,1000310,平鎮區,湧豐里,1057
10003,桃園縣,1000310,平鎮區,宋屋里,31970
10003,桃園縣,1000310,平鎮區,義民里,85941
10003,桃園縣,1000310,平鎮區,龍恩里,31340
10003,桃園縣,1000310,平鎮區,北華里,45776
10003,桃園縣,1000310,平鎮區,北興里,37571
10003,桃園縣,1000310,平鎮區,東安里,36816
10003,桃園縣,1000310,平鎮區,北富里,41662
10003,桃園縣,1000310,平鎮區,北貴里,51309
10003,桃園縣,1000310,平鎮區,鎮興里,55
10003,桃園縣,1000310,平鎮區,新榮里,69106
10003,桃園縣,1000310,平鎮區,北安里,17209
10003,桃園縣,1000310,平鎮區,義興里,92998
10003,桃園縣,1000310,平鎮區,東社里,32625
10003,桃園縣,1000310,平鎮區,高雙里,48492
10003,桃園縣,1000310,平鎮區,湧安里,1003
10003,桃園縣,1000310,平鎮區,金星里,6
10003,桃園縣,1000310,平鎮區,廣仁里,53491
10003,桃園縣,1000310,平鎮區,山峰里,406
10003,桃園縣,1000310,平鎮區,華安里,44519
10003,桃園縣,1000310,平鎮區,平鎮里,5
10003,桃園縣,1000310,平鎮區,湧光里,0
10003,桃園縣,1000310,平鎮區,莊敬里,0
10003,桃園縣,1000310,平鎮區,貿易里,0
10003,桃園縣,1000310,平鎮區,忠貞里,0
10003,桃園縣,1000310,平鎮區,中正里,0
10003,桃園縣,1000310,平鎮區,平安里,0
10003,桃園縣,1000310,平鎮區,平南里,466
10003,桃園縣,1000310,平鎮區,龍興里,1675
10003,桃園縣,1000310,平鎮區,福林里,1544
10003,桃園縣,1000310,平鎮區,復興里,78076
10003,桃園縣,1000310,平鎮區,南勢里,6228
10003,桃園縣,1000310,平鎮區,廣達里,55515
10003,桃園縣,1000310,平鎮區,金陵里,36082
10003,桃園縣,1000310,平鎮區,雙連里,73225
10003,桃園縣,1000310,平鎮區,廣興里,81343
10003,桃園縣,1000310,平鎮區,新安里,47479
10003,桃園縣,1000310,平鎮區,新英里,51961
10003,桃園縣,1000310,平鎮區,新勢里,50315
10003,桃園縣,1000310,平鎮區,新富里,82090
10003,桃園縣,1000310,平鎮區,建安里,56575
10003,桃園縣,1000310,平鎮區,復旦里,83939
10003,桃園縣,1000310,平鎮區,新貴里,45029
10003,桃園縣,1000310,平鎮區,北勢里,48278
10003,桃園縣,1000310,平鎮區,平興里,69054
10003,桃園縣,1000310,平鎮區,東勢里,58404
10003,桃園縣,1000310,平鎮區,總計,1650635
10003,桃園縣,1000311,新屋區,望間里,3718
10003,桃園縣,1000311,新屋區,永安里,29265
10003,桃園縣,1000311,新屋區,埔頂里,24082
10003,桃園縣,1000311,新屋區,後庄里,7592
10003,桃園縣,1000311,新屋區,永興里,6602
10003,桃園縣,1000311,新屋區,深圳里,3402
10003,桃園縣,1000311,新屋區,石磊里,12878
10003,桃園縣,1000311,新屋區,九斗里,24895
10003,桃園縣,1000311,新屋區,石牌里,4348
10003,桃園縣,1000311,新屋區,槺榔里,6628
10003,桃園縣,1000311,新屋區,下田里,13346
10003,桃園縣,1000311,新屋區,下埔里,3840
10003,桃園縣,1000311,新屋區,大坡里,4479
10003,桃園縣,1000311,新屋區,蚵間里,5280
10003,桃園縣,1000311,新屋區,社子里,7294
10003,桃園縣,1000311,新屋區,清華里,38543
10003,桃園縣,1000311,新屋區,赤欄里,9236
10003,桃園縣,1000311,新屋區,後湖里,10520
10003,桃園縣,1000311,新屋區,笨港里,8558
10003,桃園縣,1000311,新屋區,新生里,51071
10003,桃園縣,1000311,新屋區,頭洲里,39933
10003,桃園縣,1000311,新屋區,新屋里,36110
10003,桃園縣,1000311,新屋區,東明里,14225
10003,桃園縣,1000311,新屋區,總計,365845
10003,桃園縣,1000312,觀音區,保障里,25254
10003,桃園縣,1000312,觀音區,草漯里,100517
10003,桃園縣,1000312,觀音區,觀音里,35670
10003,桃園縣,1000312,觀音區,廣興里,16087
10003,桃園縣,1000312,觀音區,金湖里,25728
10003,桃園縣,1000312,觀音區,富源里,44376
10003,桃園縣,1000312,觀音區,保生里,7520
10003,桃園縣,1000312,觀音區,塔腳里,5330
10003,桃園縣,1000312,觀音區,廣福里,11039
10003,桃園縣,1000312,觀音區,上大里,17303
10003,桃園縣,1000312,觀音區,新坡里,24290
10003,桃園縣,1000312,觀音區,武威里,3420
10003,桃園縣,1000312,觀音區,新興里,3735
10003,桃園縣,1000312,觀音區,坑尾里,11753
10003,桃園縣,1000312,觀音區,白玉里,9852
10003,桃園縣,1000312,觀音區,藍埔里,19946
10003,桃園縣,1000312,觀音區,大同里,27979
10003,桃園縣,1000312,觀音區,三和里,5863
10003,桃園縣,1000312,觀音區,富林里,19555
10003,桃園縣,1000312,觀音區,崙坪里,33495
10003,桃園縣,1000312,觀音區,大堀里,26570
10003,桃園縣,1000312,觀音區,樹林里,83407
10003,桃園縣,1000312,觀音區,大潭里,48896
10003,桃園縣,1000312,觀音區,總計,607585
10003,桃園縣,1000313,復興區,澤仁里,6672
10003,桃園縣,1000313,復興區,義盛里,0
10003,桃園縣,1000313,復興區,霞雲里,0
10003,桃園縣,1000313,復興區,長興里,0
10003,桃園縣,1000313,復興區,三光里,0
10003,桃園縣,1000313,復興區,奎輝里,0
10003,桃園縣,1000313,復興區,華陵里,0
10003,桃園縣,1000313,復興區,羅浮里,0
10003,桃園縣,1000313,復興區,高義里,0
10003,桃園縣,1000313,復興區,三民里,140
10003,桃園縣,1000313,復興區,總計,6812
10004,新竹縣,1000401,竹北市,尚義里,8997
10004,新竹縣,1000401,竹北市,鹿場里,30208
10004,新竹縣,1000401,竹北市,麻園里,67
10004,新竹縣,1000401,竹北市,新庄里,603
10004,新竹縣,1000401,竹北市,崇義里,1966
10004,新竹縣,1000401,竹北市,新港里,23
10004,新竹縣,1000401,竹北市,溪州里,0
10004,新竹縣,1000401,竹北市,聯興里,0
10004,新竹縣,1000401,竹北市,大眉里,0
10004,新竹縣,1000401,竹北市,大義里,29514
10004,新竹縣,1000401,竹北市,新社里,41985
10004,新竹縣,1000401,竹北市,白地里,687
10004,新竹縣,1000401,竹北市,東海里,11839
10004,新竹縣,1000401,竹北市,泰和里,10542
10004,新竹縣,1000401,竹北市,福德里,14153
10004,新竹縣,1000401,竹北市,隘口里,4218
10004,新竹縣,1000401,竹北市,中興里,21494
10004,新竹縣,1000401,竹北市,新國里,21211
10004,新竹縣,1000401,竹北市,北崙里,34135
10004,新竹縣,1000401,竹北市,新崙里,30866
10004,新竹縣,1000401,竹北市,竹北里,39747
10004,新竹縣,1000401,竹北市,竹仁里,77135
10004,新竹縣,1000401,竹北市,竹義里,51109
10004,新竹縣,1000401,竹北市,東平里,38438
10004,新竹縣,1000401,竹北市,斗崙里,235761
10004,新竹縣,1000401,竹北市,十興里,239545
10004,新竹縣,1000401,竹北市,總計,944243
10004,新竹縣,1000402,竹東鎮,三重里,85412
10004,新竹縣,1000402,竹東鎮,員崠里,2314
10004,新竹縣,1000402,竹東鎮,東寧里,13067
10004,新竹縣,1000402,竹東鎮,柯湖里,7959
10004,新竹縣,1000402,竹東鎮,雞林里,1197
10004,新竹縣,1000402,竹東鎮,竹東里,13070
10004,新竹縣,1000402,竹東鎮,商華里,4842
10004,新竹縣,1000402,竹東鎮,中山里,2927
10004,新竹縣,1000402,竹東鎮,陸豐里,2320
10004,新竹縣,1000402,竹東鎮,大鄉里,257
10004,新竹縣,1000402,竹東鎮,南華里,154
10004,新竹縣,1000402,竹東鎮,中正里,839
10004,新竹縣,1000402,竹東鎮,軟橋里,0
10004,新竹縣,1000402,竹東鎮,瑞峰里,888
10004,新竹縣,1000402,竹東鎮,仁愛里,641
10004,新竹縣,1000402,竹東鎮,上館里,7887
10004,新竹縣,1000402,竹東鎮,上坪里,2424
10004,新竹縣,1000402,竹東鎮,東華里,5850
10004,新竹縣,1000402,竹東鎮,榮樂里,18536
10004,新竹縣,1000402,竹東鎮,員山里,21385
10004,新竹縣,1000402,竹東鎮,忠孝里,32883
10004,新竹縣,1000402,竹東鎮,頭重里,78178
10004,新竹縣,1000402,竹東鎮,五豐里,120708
10004,新竹縣,1000402,竹東鎮,榮華里,118816
10004,新竹縣,1000402,竹東鎮,二重里,160994
10004,新竹縣,1000402,竹東鎮,總計,703548
10004,新竹縣,1000403,新埔鎮,新埔里,15049
10004,新竹縣,1000403,新埔鎮,內立里,2584
10004,新竹縣,1000403,新埔鎮,南平里,298
10004,新竹縣,1000403,新埔鎮,北平里,0
10004,新竹縣,1000403,新埔鎮,巨埔里,0
10004,新竹縣,1000403,新埔鎮,清水里,0
10004,新竹縣,1000403,新埔鎮,鹿鳴里,0
10004,新竹縣,1000403,新埔鎮,新北里,0
10004,新竹縣,1000403,新埔鎮,照門里,124
10004,新竹縣,1000403,新埔鎮,上寮里,4506
10004,新竹縣,1000403,新埔鎮,寶石里,4208
10004,新竹縣,1000403,新埔鎮,田新里,30917
10004,新竹縣,1000403,新埔鎮,下寮里,36325
10004,新竹縣,1000403,新埔鎮,新生里,8301
10004,新竹縣,1000403,新埔鎮,新民里,14181
10004,新竹縣,1000403,新埔鎮,四座里,38143
10004,新竹縣,1000403,新埔鎮,文山里,69505
10004,新竹縣,1000403,新埔鎮,旱坑里,18496
10004,新竹縣,1000403,新埔鎮,五埔里,19974
10004,新竹縣,1000403,新埔鎮,總計,262611
10004,新竹縣,1000404,關西鎮,東安里,11248
10004,新竹縣,1000404,關西鎮,金山里,6377
10004,新竹縣,1000404,關西鎮,玉山里,1142
10004,新竹縣,1000404,關西鎮,北斗里,2279
10004,新竹縣,1000404,關西鎮,南和里,80
10004,新竹縣,1000404,關西鎮,西安里,1158
10004,新竹縣,1000404,關西鎮,東山里,5025
10004,新竹縣,1000404,關西鎮,北山里,305
10004,新竹縣,1000404,關西鎮,東興里,113
10004,新竹縣,1000404,關西鎮,東平里,61
10004,新竹縣,1000404,關西鎮,新富里,8
10004,新竹縣,1000404,關西鎮,錦山里,0
10004,新竹縣,1000404,關西鎮,大同里,0
10004,新竹縣,1000404,關西鎮,石光里,0
10004,新竹縣,1000404,關西鎮,南山里,0
10004,新竹縣,1000404,關西鎮,南雄里,0
10004,新竹縣,1000404,關西鎮,新力里,0
10004,新竹縣,1000404,關西鎮,南新里,0
10004,新竹縣,1000404,關西鎮,東光里,675
10004,新竹縣,1000404,關西鎮,上林里,397
10004,新竹縣,1000404,關西鎮,仁安里,5415
10004,新竹縣,1000404,關西鎮,總計,34283
10004,新竹縣,1000405,湖口鄉,湖鏡村,13287
10004,新竹縣,1000405,湖口鄉,長嶺村,14461
10004,新竹縣,1000405,湖口鄉,東興村,6566
10004,新竹縣,1000405,湖口鄉,波羅村,23192
10004,新竹縣,1000405,湖口鄉,孝勢村,5113
10004,新竹縣,1000405,湖口鄉,信勢村,102
10004,新竹縣,1000405,湖口鄉,鳳凰村,39493
10004,新竹縣,1000405,湖口鄉,中正村,2931
10004,新竹縣,1000405,湖口鄉,長安村,9727
10004,新竹縣,1000405,湖口鄉,中勢村,2945
10004,新竹縣,1000405,湖口鄉,仁勢村,0
10004,新竹縣,1000405,湖口鄉,德盛村,4
10004,新竹縣,1000405,湖口鄉,和興村,156
10004,新竹縣,1000405,湖口鄉,愛勢村,351
10004,新竹縣,1000405,湖口鄉,湖口村,16456
10004,新竹縣,1000405,湖口鄉,信義村,2307
10004,新竹縣,1000405,湖口鄉,勝利村,49832
10004,新竹縣,1000405,湖口鄉,中興村,99677
10004,新竹縣,1000405,湖口鄉,鳳山村,42367
10004,新竹縣,1000405,湖口鄉,湖南村,49928
10004,新竹縣,1000405,湖口鄉,總計,378895
10004,新竹縣,1000406,新豐鄉,中崙村,25256
10004,新竹縣,1000406,新豐鄉,崎頂村,3491
10004,新竹縣,1000406,新豐鄉,瑞興村,1420
10004,新竹縣,1000406,新豐鄉,鳳坑村,29
10004,新竹縣,1000406,新豐鄉,福興村,111
10004,新竹縣,1000406,新豐鄉,後湖村,284
10004,新竹縣,1000406,新豐鄉,青埔村,662
10004,新竹縣,1000406,新豐鄉,坡頭村,1531
10004,新竹縣,1000406,新豐鄉,上坑村,2581
10004,新竹縣,1000406,新豐鄉,松柏村,842
10004,新竹縣,1000406,新豐鄉,山崎村,18951
10004,新竹縣,1000406,新豐鄉,員山村,122213
10004,新竹縣,1000406,新豐鄉,埔和村,8953
10004,新竹縣,1000406,新豐鄉,忠孝村,6787
10004,新竹縣,1000406,新豐鄉,新豐村,9471
10004,新竹縣,1000406,新豐鄉,重興村,70585
10004,新竹縣,1000406,新豐鄉,松林村,82629
10004,新竹縣,1000406,新豐鄉,總計,355796
10004,新竹縣,1000407,芎林鄉,芎林村,567
10004,新竹縣,1000407,芎林鄉,水坑村,7861
10004,新竹縣,1000407,芎林鄉,新鳳村,19740
10004,新竹縣,1000407,芎林鄉,五龍村,0
10004,新竹縣,1000407,芎林鄉,華龍村,0
10004,新竹縣,1000407,芎林鄉,秀湖村,0
10004,新竹縣,1000407,芎林鄉,永興村,0
10004,新竹縣,1000407,芎林鄉,文林村,20662
10004,新竹縣,1000407,芎林鄉,下山村,7979
10004,新竹縣,1000407,芎林鄉,中坑村,4551
10004,新竹縣,1000407,芎林鄉,上山村,28722
10004,新竹縣,1000407,芎林鄉,石潭村,15108
10004,新竹縣,1000407,芎林鄉,總計,105190
10004,新竹縣,1000408,橫山鄉,力行村,1245
10004,新竹縣,1000408,橫山鄉,橫山村,0
10004,新竹縣,1000408,橫山鄉,田寮村,0
10004,新竹縣,1000408,橫山鄉,南昌村,0
10004,新竹縣,1000408,橫山鄉,豐鄉村,0
10004,新竹縣,1000408,橫山鄉,福興村,0
10004,新竹縣,1000408,橫山鄉,沙坑村,0
10004,新竹縣,1000408,橫山鄉,新興村,0
10004,新竹縣,1000408,橫山鄉,大肚村,0
10004,新竹縣,1000408,橫山鄉,豐田村,898
10004,新竹縣,1000408,橫山鄉,內灣村,15654
10004,新竹縣,1000408,橫山鄉,總計,17797
10004,新竹縣,1000409,北埔鄉,大湖村,1732
10004,新竹縣,1000409,北埔鄉,埔尾村,194
10004,新竹縣,1000409,北埔鄉,水磜村,0
10004,新竹縣,1000409,北埔鄉,南埔村,0
10004,新竹縣,1000409,北埔鄉,大林村,0
10004,新竹縣,1000409,北埔鄉,南坑村,0
10004,新竹縣,1000409,北埔鄉,外坪村,0
10004,新竹縣,1000409,北埔鄉,北埔村,0
10004,新竹縣,1000409,北埔鄉,南興村,0
10004,新竹縣,1000409,北埔鄉,總計,1926
10004,新竹縣,1000410,寶山鄉,寶山村,7962
10004,新竹縣,1000410,寶山鄉,山湖村,4741
10004,新竹縣,1000410,寶山鄉,深井村,1150
10004,新竹縣,1000410,寶山鄉,新城村,88
10004,新竹縣,1000410,寶山鄉,大崎村,4840
10004,新竹縣,1000410,寶山鄉,寶斗村,0
10004,新竹縣,1000410,寶山鄉,油田村,1661
10004,新竹縣,1000410,寶山鄉,雙新村,8702
10004,新竹縣,1000410,寶山鄉,雙溪村,2922
10004,新竹縣,1000410,寶山鄉,三峰村,2087
10004,新竹縣,1000410,寶山鄉,總計,34153
10004,新竹縣,1000411,峨眉鄉,峨眉村,0
10004,新竹縣,1000411,峨眉鄉,中盛村,0
10004,新竹縣,1000411,峨眉鄉,石井村,0
10004,新竹縣,1000411,峨眉鄉,富興村,0
10004,新竹縣,1000411,峨眉鄉,七星村,971
10004,新竹縣,1000411,峨眉鄉,湖光村,5836
10004,新竹縣,1000411,峨眉鄉,總計,6807
10004,新竹縣,1000412,尖石鄉,新樂村,321
10004,新竹縣,1000412,尖石鄉,錦屏村,31
10004,新竹縣,1000412,尖石鄉,玉峰村,0
10004,新竹縣,1000412,尖石鄉,秀巒村,0
10004,新竹縣,1000412,尖石鄉,梅花村,547
10004,新竹縣,1000412,尖石鄉,義興村,387
10004,新竹縣,1000412,尖石鄉,嘉樂村,7201
10004,新竹縣,1000412,尖石鄉,總計,8487
10004,新竹縣,1000413,五峰鄉,花園村,0
10004,新竹縣,1000413,五峰鄉,竹林村,0
10004,新竹縣,1000413,五峰鄉,大隘村,5089
10004,新竹縣,1000413,五峰鄉,桃山村,3274
10004,新竹縣,1000413,五峰鄉,總計,8363
10005,苗栗縣,1000501,苗栗市,嘉盛里,83634
10005,苗栗縣,1000501,苗栗市,恭敬里,15985
10005,苗栗縣,1000501,苗栗市,中苗里,13369
10005,苗栗縣,1000501,苗栗市,維祥里,764
10005,苗栗縣,1000501,苗栗市,勝利里,841
10005,苗栗縣,1000501,苗栗市,北苗里,76464
10005,苗栗縣,1000501,苗栗市,水源里,921
10005,苗栗縣,1000501,苗栗市,玉清里,33618
10005,苗栗縣,1000501,苗栗市,大同里,416
10005,苗栗縣,1000501,苗栗市,綠苗里,155
10005,苗栗縣,1000501,苗栗市,清華里,62568
10005,苗栗縣,1000501,苗栗市,文聖里,3455
10005,苗栗縣,1000501,苗栗市,新苗里,3
10005,苗栗縣,1000501,苗栗市,玉苗里,12
10005,苗栗縣,1000501,苗栗市,維新里,7991
10005,苗栗縣,1000501,苗栗市,新英里,20231
10005,苗栗縣,1000501,苗栗市,青苗里,21179
10005,苗栗縣,1000501,苗栗市,福麗里,45738
10005,苗栗縣,1000501,苗栗市,上苗里,39027
10005,苗栗縣,1000501,苗栗市,玉華里,29307
10005,苗栗縣,1000501,苗栗市,文山里,13937
10005,苗栗縣,1000501,苗栗市,新川里,10470
10005,苗栗縣,1000501,苗栗市,高苗里,17758
10005,苗栗縣,1000501,苗栗市,南勢里,2373
10005,苗栗縣,1000501,苗栗市,建功里,82393
10005,苗栗縣,1000501,苗栗市,嘉新里,17318
10005,苗栗縣,1000501,苗栗市,福星里,85806
10005,苗栗縣,1000501,苗栗市,福安里,33420
10005,苗栗縣,1000501,苗栗市,總計,719153
10005,苗栗縣,1000502,苑裡鎮,玉田里,2728
10005,苗栗縣,1000502,苑裡鎮,社苓里,3250
10005,苗栗縣,1000502,苑裡鎮,福田里,2588
10005,苗栗縣,1000502,苑裡鎮,水坡里,3346
10005,苗栗縣,1000502,苑裡鎮,石鎮里,6213
10005,苗栗縣,1000502,苑裡鎮,南勢里,182
10005,苗栗縣,1000502,苑裡鎮,苑南里,10945
10005,苗栗縣,1000502,苑裡鎮,海岸里,0
10005,苗栗縣,1000502,苑裡鎮,蕉埔里,194
10005,苗栗縣,1000502,苑裡鎮,山柑里,145
10005,苗栗縣,1000502,苑裡鎮,舊社里,2452
10005,苗栗縣,1000502,苑裡鎮,房裡里,3262
10005,苗栗縣,1000502,苑裡鎮,西勢里,2288
10005,苗栗縣,1000502,苑裡鎮,中正里,203
10005,苗栗縣,1000502,苑裡鎮,泰田里,1019
10005,苗栗縣,1000502,苑裡鎮,苑港里,8393
10005,苗栗縣,1000502,苑裡鎮,西平里,3753
10005,苗栗縣,1000502,苑裡鎮,上館里,863
10005,苗栗縣,1000502,苑裡鎮,田心里,669
10005,苗栗縣,1000502,苑裡鎮,苑北里,5651
10005,苗栗縣,1000502,苑裡鎮,苑坑里,8153
10005,苗栗縣,1000502,苑裡鎮,新復里,5671
10005,苗栗縣,1000502,苑裡鎮,山腳里,6920
10005,苗栗縣,1000502,苑裡鎮,客庄里,8684
10005,苗栗縣,1000502,苑裡鎮,苑東里,15580
10005,苗栗縣,1000502,苑裡鎮,總計,103152
10005,苗栗縣,1000503,通霄鎮,通南里,31675
10005,苗栗縣,1000503,通霄鎮,五南里,7607
10005,苗栗縣,1000503,通霄鎮,梅南里,11365
10005,苗栗縣,1000503,通霄鎮,五北里,8662
10005,苗栗縣,1000503,通霄鎮,平安里,19768
10005,苗栗縣,1000503,通霄鎮,烏眉里,8912
10005,苗栗縣,1000503,通霄鎮,通灣里,4
10005,苗栗縣,1000503,通霄鎮,楓樹里,604
10005,苗栗縣,1000503,通霄鎮,福龍里,0
10005,苗栗縣,1000503,通霄鎮,城南里,0
10005,苗栗縣,1000503,通霄鎮,南和里,0
10005,苗栗縣,1000503,通霄鎮,福興里,0
10005,苗栗縣,1000503,通霄鎮,坪頂里,0
10005,苗栗縣,1000503,通霄鎮,白西里,2
10005,苗栗縣,1000503,通霄鎮,新埔里,169
10005,苗栗縣,1000503,通霄鎮,通東里,993
10005,苗栗縣,1000503,通霄鎮,圳頭里,2376
10005,苗栗縣,1000503,通霄鎮,城北里,2949
10005,苗栗縣,1000503,通霄鎮,白東里,484
10005,苗栗縣,1000503,通霄鎮,福源里,3659
10005,苗栗縣,1000503,通霄鎮,平元里,23201
10005,苗栗縣,1000503,通霄鎮,內島里,731
10005,苗栗縣,1000503,通霄鎮,通西里,3481
10005,苗栗縣,1000503,通霄鎮,內湖里,13596
10005,苗栗縣,1000503,通霄鎮,總計,140238
10005,苗栗縣,1000504,竹南鎮,大埔里,64737
10005,苗栗縣,1000504,竹南鎮,竹南里,2051
10005,苗栗縣,1000504,竹南鎮,營盤里,1061
10005,苗栗縣,1000504,竹南鎮,照南里,1043
10005,苗栗縣,1000504,竹南鎮,正南里,1140
10005,苗栗縣,1000504,竹南鎮,聖福里,286
10005,苗栗縣,1000504,竹南鎮,龍鳳里,0
10005,苗栗縣,1000504,竹南鎮,港墘里,0
10005,苗栗縣,1000504,竹南鎮,中港里,0
10005,苗栗縣,1000504,竹南鎮,中華里,4
10005,苗栗縣,1000504,竹南鎮,中美里,0
10005,苗栗縣,1000504,竹南鎮,開元里,0
10005,苗栗縣,1000504,竹南鎮,天文里,0
10005,苗栗縣,1000504,竹南鎮,龍山里,1870
10005,苗栗縣,1000504,竹南鎮,中英里,3
10005,苗栗縣,1000504,竹南鎮,竹興里,66
10005,苗栗縣,1000504,竹南鎮,佳興里,556
10005,苗栗縣,1000504,竹南鎮,海口里,4339
10005,苗栗縣,1000504,竹南鎮,山佳里,4162
10005,苗栗縣,1000504,竹南鎮,新南里,13360
10005,苗栗縣,1000504,竹南鎮,崎頂里,42320
10005,苗栗縣,1000504,竹南鎮,公義里,33897
10005,苗栗縣,1000504,竹南鎮,大厝里,9410
10005,苗栗縣,1000504,竹南鎮,公館里,39348
10005,苗栗縣,1000504,竹南鎮,頂埔里,92130
10005,苗栗縣,1000504,竹南鎮,總計,311783
10005,苗栗縣,1000505,頭份鎮,忠孝里,8367
10005,苗栗縣,1000505,頭份鎮,後庄里,1164
10005,苗栗縣,1000505,頭份鎮,上興里,22658
10005,苗栗縣,1000505,頭份鎮,仁愛里,32566
10005,苗栗縣,1000505,頭份鎮,尖山里,21024
10005,苗栗縣,1000505,頭份鎮,合興里,0
10005,苗栗縣,1000505,頭份鎮,文化里,0
10005,苗栗縣,1000505,頭份鎮,土牛里,10629
10005,苗栗縣,1000505,頭份鎮,民族里,22406
10005,苗栗縣,1000505,頭份鎮,自強里,10458
10005,苗栗縣,1000505,頭份鎮,和平里,24465
10005,苗栗縣,1000505,頭份鎮,民權里,26381
10005,苗栗縣,1000505,頭份鎮,蟠桃里,22884
10005,苗栗縣,1000505,頭份鎮,濫坑里,30027
10005,苗栗縣,1000505,頭份鎮,上埔里,31588
10005,苗栗縣,1000505,頭份鎮,廣興里,13525
10005,苗栗縣,1000505,頭份鎮,民生里,32112
10005,苗栗縣,1000505,頭份鎮,流東里,30264
10005,苗栗縣,1000505,頭份鎮,建國里,48438
10005,苗栗縣,1000505,頭份鎮,尖下里,39774
10005,苗栗縣,1000505,頭份鎮,山下里,21185
10005,苗栗縣,1000505,頭份鎮,新華里,56583
10005,苗栗縣,1000505,頭份鎮,東庄里,16060
10005,苗栗縣,1000505,頭份鎮,頭份里,63011
10005,苗栗縣,1000505,頭份鎮,田寮里,52048
10005,苗栗縣,1000505,頭份鎮,成功里,54556
10005,苗栗縣,1000505,頭份鎮,下興里,45580
10005,苗栗縣,1000505,頭份鎮,斗煥里,59665
10005,苗栗縣,1000505,頭份鎮,興隆里,48967
10005,苗栗縣,1000505,頭份鎮,珊湖里,40826
10005,苗栗縣,1000505,頭份鎮,蘆竹里,56918
10005,苗栗縣,1000505,頭份鎮,信義里,51023
10005,苗栗縣,1000505,頭份鎮,總計,995152
10005,苗栗縣,1000506,後龍鎮,海埔里,7837
10005,苗栗縣,1000506,後龍鎮,校椅里,4550
10005,苗栗縣,1000506,後龍鎮,福寧里,730
10005,苗栗縣,1000506,後龍鎮,龍坑里,277
10005,苗栗縣,1000506,後龍鎮,溪洲里,49
10005,苗栗縣,1000506,後龍鎮,豐富里,317
10005,苗栗縣,1000506,後龍鎮,龍津里,61
10005,苗栗縣,1000506,後龍鎮,中和里,4855
10005,苗栗縣,1000506,後龍鎮,秀水里,0
10005,苗栗縣,1000506,後龍鎮,水尾里,0
10005,苗栗縣,1000506,後龍鎮,海寶里,0
10005,苗栗縣,1000506,後龍鎮,新民里,0
10005,苗栗縣,1000506,後龍鎮,復興里,0
10005,苗栗縣,1000506,後龍鎮,埔頂里,9482
10005,苗栗縣,1000506,後龍鎮,外埔里,5586
10005,苗栗縣,1000506,後龍鎮,南龍里,11856
10005,苗栗縣,1000506,後龍鎮,中龍里,11662
10005,苗栗縣,1000506,後龍鎮,灣寶里,1859
10005,苗栗縣,1000506,後龍鎮,北龍里,23676
10005,苗栗縣,1000506,後龍鎮,東明里,11755
10005,苗栗縣,1000506,後龍鎮,南港里,3017
10005,苗栗縣,1000506,後龍鎮,大山里,11869
10005,苗栗縣,1000506,後龍鎮,大庄里,25764
10005,苗栗縣,1000506,後龍鎮,總計,135202
10005,苗栗縣,1000507,卓蘭鎮,老庄里,26283
10005,苗栗縣,1000507,卓蘭鎮,新厝里,24559
10005,苗栗縣,1000507,卓蘭鎮,上新里,59
10005,苗栗縣,1000507,卓蘭鎮,內灣里,83
10005,苗栗縣,1000507,卓蘭鎮,新榮里,398
10005,苗栗縣,1000507,卓蘭鎮,豐田里,11487
10005,苗栗縣,1000507,卓蘭鎮,中街里,15995
10005,苗栗縣,1000507,卓蘭鎮,景山里,822
10005,苗栗縣,1000507,卓蘭鎮,坪林里,3951
10005,苗栗縣,1000507,卓蘭鎮,苗豐里,9865
10005,苗栗縣,1000507,卓蘭鎮,西坪里,7291
10005,苗栗縣,1000507,卓蘭鎮,總計,100793
10005,苗栗縣,1000508,大湖鄉,大寮村,17272
10005,苗栗縣,1000508,大湖鄉,南湖村,8116
10005,苗栗縣,1000508,大湖鄉,大湖村,12160
10005,苗栗縣,1000508,大湖鄉,明湖村,9310
10005,苗栗縣,1000508,大湖鄉,武榮村,620
10005,苗栗縣,1000508,大湖鄉,東興村,0
10005,苗栗縣,1000508,大湖鄉,新開村,0
10005,苗栗縣,1000508,大湖鄉,大南村,158
10005,苗栗縣,1000508,大湖鄉,栗林村,2821
10005,苗栗縣,1000508,大湖鄉,富興村,4633
10005,苗栗縣,1000508,大湖鄉,靜湖村,2528
10005,苗栗縣,1000508,大湖鄉,義和村,11462
10005,苗栗縣,1000508,大湖鄉,總計,69080
10005,苗栗縣,1000509,公館鄉,大坑村,0
10005,苗栗縣,1000509,公館鄉,中義村,0
10005,苗栗縣,1000509,公館鄉,玉泉村,0
10005,苗栗縣,1000509,公館鄉,石墻村,0
10005,苗栗縣,1000509,公館鄉,福基村,0
10005,苗栗縣,1000509,公館鄉,福星村,0
10005,苗栗縣,1000509,公館鄉,開礦村,0
10005,苗栗縣,1000509,公館鄉,福德村,0
10005,苗栗縣,1000509,公館鄉,五谷村,0
10005,苗栗縣,1000509,公館鄉,玉谷村,0
10005,苗栗縣,1000509,公館鄉,鶴岡村,0
10005,苗栗縣,1000509,公館鄉,仁安村,0
10005,苗栗縣,1000509,公館鄉,尖山村,0
10005,苗栗縣,1000509,公館鄉,南河村,0
10005,苗栗縣,1000509,公館鄉,北河村,0
10005,苗栗縣,1000509,公館鄉,館東村,0
10005,苗栗縣,1000509,公館鄉,鶴山村,39
10005,苗栗縣,1000509,公館鄉,館南村,401
10005,苗栗縣,1000509,公館鄉,館中村,1204
10005,苗栗縣,1000509,公館鄉,總計,1644
10005,苗栗縣,1000510,銅鑼鄉,中平村,20217
10005,苗栗縣,1000510,銅鑼鄉,福興村,985
10005,苗栗縣,1000510,銅鑼鄉,朝陽村,21274
10005,苗栗縣,1000510,銅鑼鄉,竹森村,7359
10005,苗栗縣,1000510,銅鑼鄉,九湖村,0
10005,苗栗縣,1000510,銅鑼鄉,興隆村,3768
10005,苗栗縣,1000510,銅鑼鄉,樟樹村,3799
10005,苗栗縣,1000510,銅鑼鄉,盛隆村,1701
10005,苗栗縣,1000510,銅鑼鄉,新隆村,1261
10005,苗栗縣,1000510,銅鑼鄉,銅鑼村,65783
10005,苗栗縣,1000510,銅鑼鄉,總計,126147
10005,苗栗縣,1000511,南庄鄉,員林村,9491
10005,苗栗縣,1000511,南庄鄉,獅山村,7722
10005,苗栗縣,1000511,南庄鄉,東村,171
10005,苗栗縣,1000511,南庄鄉,西村,5
10005,苗栗縣,1000511,南庄鄉,南江村,0
10005,苗栗縣,1000511,南庄鄉,蓬萊村,0
10005,苗栗縣,1000511,南庄鄉,東河村,0
10005,苗栗縣,1000511,南庄鄉,田美村,8341
10005,苗栗縣,1000511,南庄鄉,南富村,6802
10005,苗栗縣,1000511,南庄鄉,總計,32532
10005,苗栗縣,1000512,頭屋鄉,明德村,816
10005,苗栗縣,1000512,頭屋鄉,象山村,26843
10005,苗栗縣,1000512,頭屋鄉,頭屋村,9749
10005,苗栗縣,1000512,頭屋鄉,飛鳳村,0
10005,苗栗縣,1000512,頭屋鄉,鳴鳳村,0
10005,苗栗縣,1000512,頭屋鄉,北坑村,0
10005,苗栗縣,1000512,頭屋鄉,獅潭村,0
10005,苗栗縣,1000512,頭屋鄉,曲洞村,7656
10005,苗栗縣,1000512,頭屋鄉,總計,45064
10005,苗栗縣,1000513,三義鄉,西湖村,7646
10005,苗栗縣,1000513,三義鄉,廣盛村,2118
10005,苗栗縣,1000513,三義鄉,双湖村,0
10005,苗栗縣,1000513,三義鄉,双潭村,0
10005,苗栗縣,1000513,三義鄉,龍騰村,0
10005,苗栗縣,1000513,三義鄉,鯉魚潭村,311
10005,苗栗縣,1000513,三義鄉,勝興村,210
10005,苗栗縣,1000513,三義鄉,總計,10285
10005,苗栗縣,1000514,西湖鄉,湖東村,18133
10005,苗栗縣,1000514,西湖鄉,五湖村,10344
10005,苗栗縣,1000514,西湖鄉,金獅村,3229
10005,苗栗縣,1000514,西湖鄉,龍洞村,4175
10005,苗栗縣,1000514,西湖鄉,高埔村,4195
10005,苗栗縣,1000514,西湖鄉,三湖村,9468
10005,苗栗縣,1000514,西湖鄉,四湖村,5801
10005,苗栗縣,1000514,西湖鄉,二湖村,5988
10005,苗栗縣,1000514,西湖鄉,下埔村,3494
10005,苗栗縣,1000514,西湖鄉,總計,64827
10005,苗栗縣,1000515,造橋鄉,大西村,720
10005,苗栗縣,1000515,造橋鄉,錦水村,123
10005,苗栗縣,1000515,造橋鄉,大龍村,0
10005,苗栗縣,1000515,造橋鄉,平興村,3674
10005,苗栗縣,1000515,造橋鄉,豐湖村,7081
10005,苗栗縣,1000515,造橋鄉,龍昇村,11777
10005,苗栗縣,1000515,造橋鄉,造橋村,33542
10005,苗栗縣,1000515,造橋鄉,談文村,30554
10005,苗栗縣,1000515,造橋鄉,朝陽村,28116
10005,苗栗縣,1000515,造橋鄉,總計,115587
10005,苗栗縣,1000516,三灣鄉,永和村,3
10005,苗栗縣,1000516,三灣鄉,三灣村,0
10005,苗栗縣,1000516,三灣鄉,內灣村,0
10005,苗栗縣,1000516,三灣鄉,銅鏡村,0
10005,苗栗縣,1000516,三灣鄉,頂寮村,0
10005,苗栗縣,1000516,三灣鄉,北埔村,0
10005,苗栗縣,1000516,三灣鄉,大河村,0
10005,苗栗縣,1000516,三灣鄉,大坪村,683
10005,苗栗縣,1000516,三灣鄉,總計,686
10005,苗栗縣,1000517,獅潭鄉,百壽村,0
10005,苗栗縣,1000517,獅潭鄉,永興村,0
10005,苗栗縣,1000517,獅潭鄉,新店村,0
10005,苗栗縣,1000517,獅潭鄉,和興村,0
10005,苗栗縣,1000517,獅潭鄉,豐林村,0
10005,苗栗縣,1000517,獅潭鄉,新豐村,0
10005,苗栗縣,1000517,獅潭鄉,竹木村,13
10005,苗栗縣,1000517,獅潭鄉,總計,13
10005,苗栗縣,1000518,泰安鄉,八卦村,0
10005,苗栗縣,1000518,泰安鄉,錦水村,0
10005,苗栗縣,1000518,泰安鄉,清安村,0
10005,苗栗縣,1000518,泰安鄉,大興村,0
10005,苗栗縣,1000518,泰安鄉,中興村,0
10005,苗栗縣,1000518,泰安鄉,梅園村,0
10005,苗栗縣,1000518,泰安鄉,象鼻村,0
10005,苗栗縣,1000518,泰安鄉,士林村,0
10005,苗栗縣,1000518,泰安鄉,總計,--
10007,彰化縣,1000701,彰化市,光南里,51070
10007,彰化縣,1000701,彰化市,華北里,29663
10007,彰化縣,1000701,彰化市,華陽里,33378
10007,彰化縣,1000701,彰化市,東興里,28867
10007,彰化縣,1000701,彰化市,桃源里,31537
10007,彰化縣,1000701,彰化市,復興里,3446
10007,彰化縣,1000701,彰化市,富貴里,20395
10007,彰化縣,1000701,彰化市,永生里,29257
10007,彰化縣,1000701,彰化市,和調里,972
10007,彰化縣,1000701,彰化市,西興里,877
10007,彰化縣,1000701,彰化市,忠孝里,287
10007,彰化縣,1000701,彰化市,東芳里,227
10007,彰化縣,1000701,彰化市,民生里,427
10007,彰化縣,1000701,彰化市,陽明里,1840
10007,彰化縣,1000701,彰化市,石牌里,573
10007,彰化縣,1000701,彰化市,永福里,280
10007,彰化縣,1000701,彰化市,莿桐里,47
10007,彰化縣,1000701,彰化市,信義里,19
10007,彰化縣,1000701,彰化市,興北里,58
10007,彰化縣,1000701,彰化市,龍山里,29
10007,彰化縣,1000701,彰化市,西勢里,236
10007,彰化縣,1000701,彰化市,萬壽里,14
10007,彰化縣,1000701,彰化市,南安里,1
10007,彰化縣,1000701,彰化市,忠權里,11
10007,彰化縣,1000701,彰化市,文化里,0
10007,彰化縣,1000701,彰化市,寶廍里,3715
10007,彰化縣,1000701,彰化市,崙平里,445
10007,彰化縣,1000701,彰化市,南美里,28
10007,彰化縣,1000701,彰化市,光復里,3247
10007,彰化縣,1000701,彰化市,福田里,402
10007,彰化縣,1000701,彰化市,快官里,2528
10007,彰化縣,1000701,彰化市,五權里,419
10007,彰化縣,1000701,彰化市,萬安里,333
10007,彰化縣,1000701,彰化市,新華里,105
10007,彰化縣,1000701,彰化市,新興里,1860
10007,彰化縣,1000701,彰化市,中庄里,349
10007,彰化縣,1000701,彰化市,彰安里,51005
10007,彰化縣,1000701,彰化市,向陽里,898
10007,彰化縣,1000701,彰化市,古夷里,25901
10007,彰化縣,1000701,彰化市,中正里,879
10007,彰化縣,1000701,彰化市,民權里,19714
10007,彰化縣,1000701,彰化市,田中里,2733
10007,彰化縣,1000701,彰化市,竹中里,17310
10007,彰化縣,1000701,彰化市,中央里,6893
10007,彰化縣,1000701,彰化市,三村里,5309
10007,彰化縣,1000701,彰化市,竹巷里,1348
10007,彰化縣,1000701,彰化市,茄苳里,6906
10007,彰化縣,1000701,彰化市,大同里,20741
10007,彰化縣,1000701,彰化市,光華里,1476
10007,彰化縣,1000701,彰化市,卦山里,3922
10007,彰化縣,1000701,彰化市,建寶里,36917
10007,彰化縣,1000701,彰化市,牛埔里,18134
10007,彰化縣,1000701,彰化市,長樂里,3518
10007,彰化縣,1000701,彰化市,延和里,70848
10007,彰化縣,1000701,彰化市,平和里,3338
10007,彰化縣,1000701,彰化市,國聖里,21789
10007,彰化縣,1000701,彰化市,中山里,3660
10007,彰化縣,1000701,彰化市,大竹里,36171
10007,彰化縣,1000701,彰化市,介壽里,32934
10007,彰化縣,1000701,彰化市,福安里,21771
10007,彰化縣,1000701,彰化市,香山里,27555
10007,彰化縣,1000701,彰化市,南瑤里,156235
10007,彰化縣,1000701,彰化市,成功里,34095
10007,彰化縣,1000701,彰化市,延平里,141328
10007,彰化縣,1000701,彰化市,安溪里,17592
10007,彰化縣,1000701,彰化市,茄南里,37951
10007,彰化縣,1000701,彰化市,西安里,52981
10007,彰化縣,1000701,彰化市,南興里,106497
10007,彰化縣,1000701,彰化市,阿夷里,121634
10007,彰化縣,1000701,彰化市,台鳳里,61486
10007,彰化縣,1000701,彰化市,磚磘里,38561
10007,彰化縣,1000701,彰化市,福山里,80298
10007,彰化縣,1000701,彰化市,下廍里,66139
10007,彰化縣,1000701,彰化市,總計,1603409
10007,彰化縣,1000702,鹿港鎮,埔崙里,121031
10007,彰化縣,1000702,鹿港鎮,新宮里,18168
10007,彰化縣,1000702,鹿港鎮,洋厝里,16087
10007,彰化縣,1000702,鹿港鎮,順興里,15884
10007,彰化縣,1000702,鹿港鎮,洛津里,12896
10007,彰化縣,1000702,鹿港鎮,郭厝里,6487
10007,彰化縣,1000702,鹿港鎮,大有里,12378
10007,彰化縣,1000702,鹿港鎮,草中里,220
10007,彰化縣,1000702,鹿港鎮,景福里,231
10007,彰化縣,1000702,鹿港鎮,中興里,1541
10007,彰化縣,1000702,鹿港鎮,泰興里,0
10007,彰化縣,1000702,鹿港鎮,長興里,0
10007,彰化縣,1000702,鹿港鎮,龍山里,0
10007,彰化縣,1000702,鹿港鎮,興化里,0
10007,彰化縣,1000702,鹿港鎮,山崙里,0
10007,彰化縣,1000702,鹿港鎮,街尾里,437
10007,彰化縣,1000702,鹿港鎮,菜園里,752
10007,彰化縣,1000702,鹿港鎮,玉順里,22047
10007,彰化縣,1000702,鹿港鎮,海埔里,69183
10007,彰化縣,1000702,鹿港鎮,東崎里,52680
10007,彰化縣,1000702,鹿港鎮,頂厝里,104744
10007,彰化縣,1000702,鹿港鎮,東石里,68402
10007,彰化縣,1000702,鹿港鎮,頂番里,44025
10007,彰化縣,1000702,鹿港鎮,頭崙里,27030
10007,彰化縣,1000702,鹿港鎮,詔安里,26162
10007,彰化縣,1000702,鹿港鎮,頭南里,14525
10007,彰化縣,1000702,鹿港鎮,廖厝里,53550
10007,彰化縣,1000702,鹿港鎮,溝墘里,55669
10007,彰化縣,1000702,鹿港鎮,永安里,23486
10007,彰化縣,1000702,鹿港鎮,總計,767615
10007,彰化縣,1000703,和美鎮,新庄里,13601
10007,彰化縣,1000703,和美鎮,和北里,13539
10007,彰化縣,1000703,和美鎮,面前里,17026
10007,彰化縣,1000703,和美鎮,柑井里,27674
10007,彰化縣,1000703,和美鎮,塗厝里,389
10007,彰化縣,1000703,和美鎮,糖友里,15280
10007,彰化縣,1000703,和美鎮,湖內里,254
10007,彰化縣,1000703,和美鎮,中圍里,21602
10007,彰化縣,1000703,和美鎮,地潭里,0
10007,彰化縣,1000703,和美鎮,大霞里,0
10007,彰化縣,1000703,和美鎮,和南里,2719
10007,彰化縣,1000703,和美鎮,頭前里,4539
10007,彰化縣,1000703,和美鎮,中寮里,1354
10007,彰化縣,1000703,和美鎮,月眉里,3223
10007,彰化縣,1000703,和美鎮,好修里,2303
10007,彰化縣,1000703,和美鎮,仁愛里,9189
10007,彰化縣,1000703,和美鎮,犁盛里,8656
10007,彰化縣,1000703,和美鎮,嘉寶里,2784
10007,彰化縣,1000703,和美鎮,竹營里,47427
10007,彰化縣,1000703,和美鎮,源埤里,11168
10007,彰化縣,1000703,和美鎮,四張里,25115
10007,彰化縣,1000703,和美鎮,南佃里,8976
10007,彰化縣,1000703,和美鎮,雅溝里,7714
10007,彰化縣,1000703,和美鎮,和西里,56476
10007,彰化縣,1000703,和美鎮,鐵山里,46406
10007,彰化縣,1000703,和美鎮,和東里,49816
10007,彰化縣,1000703,和美鎮,鎮平里,29848
10007,彰化縣,1000703,和美鎮,嘉犁里,25050
10007,彰化縣,1000703,和美鎮,還社里,12066
10007,彰化縣,1000703,和美鎮,山犁里,69960
10007,彰化縣,1000703,和美鎮,詔安里,27470
10007,彰化縣,1000703,和美鎮,竹園里,11721
10007,彰化縣,1000703,和美鎮,總計,573345
10007,彰化縣,1000704,線西鄉,寓埔村,1694
10007,彰化縣,1000704,線西鄉,頂犁村,179
10007,彰化縣,1000704,線西鄉,德興村,0
10007,彰化縣,1000704,線西鄉,溝內村,64
10007,彰化縣,1000704,線西鄉,下犁村,0
10007,彰化縣,1000704,線西鄉,頂庄村,0
10007,彰化縣,1000704,線西鄉,塭仔村,187
10007,彰化縣,1000704,線西鄉,線西村,150
10007,彰化縣,1000704,線西鄉,總計,2274
10007,彰化縣,1000705,伸港鄉,溪底村,9747
10007,彰化縣,1000705,伸港鄉,泉州村,304
10007,彰化縣,1000705,伸港鄉,七嘉村,161
10007,彰化縣,1000705,伸港鄉,汴頭村,0
10007,彰化縣,1000705,伸港鄉,曾家村,0
10007,彰化縣,1000705,伸港鄉,埤墘村,0
10007,彰化縣,1000705,伸港鄉,蚵寮村,12
10007,彰化縣,1000705,伸港鄉,泉厝村,446
10007,彰化縣,1000705,伸港鄉,大同村,11260
10007,彰化縣,1000705,伸港鄉,海尾村,18000
10007,彰化縣,1000705,伸港鄉,全興村,19649
10007,彰化縣,1000705,伸港鄉,什股村,10176
10007,彰化縣,1000705,伸港鄉,新港村,55515
10007,彰化縣,1000705,伸港鄉,定興村,26952
10007,彰化縣,1000705,伸港鄉,總計,152222
10007,彰化縣,1000706,福興鄉,橋頭村,2796
10007,彰化縣,1000706,福興鄉,鎮平村,66
10007,彰化縣,1000706,福興鄉,番婆村,48
10007,彰化縣,1000706,福興鄉,西勢村,401
10007,彰化縣,1000706,福興鄉,秀厝村,0
10007,彰化縣,1000706,福興鄉,福南村,0
10007,彰化縣,1000706,福興鄉,同安村,0
10007,彰化縣,1000706,福興鄉,三和村,0
10007,彰化縣,1000706,福興鄉,麥厝村,0
10007,彰化縣,1000706,福興鄉,頂粘村,0
10007,彰化縣,1000706,福興鄉,福寶村,0
10007,彰化縣,1000706,福興鄉,二港村,167
10007,彰化縣,1000706,福興鄉,廈粘村,384
10007,彰化縣,1000706,福興鄉,萬豐村,1456
10007,彰化縣,1000706,福興鄉,外埔村,15741
10007,彰化縣,1000706,福興鄉,福興村,7943
10007,彰化縣,1000706,福興鄉,外中村,4547
10007,彰化縣,1000706,福興鄉,元中村,3300
10007,彰化縣,1000706,福興鄉,大崙村,18695
10007,彰化縣,1000706,福興鄉,社尾村,14075
10007,彰化縣,1000706,福興鄉,三汴村,3846
10007,彰化縣,1000706,福興鄉,番社村,21684
10007,彰化縣,1000706,福興鄉,總計,95149
10007,彰化縣,1000707,秀水鄉,金興村,23734
10007,彰化縣,1000707,秀水鄉,埔崙村,19773
10007,彰化縣,1000707,秀水鄉,曾厝村,1701
10007,彰化縣,1000707,秀水鄉,安溪村,2909
10007,彰化縣,1000707,秀水鄉,金陵村,0
10007,彰化縣,1000707,秀水鄉,秀水村,241
10007,彰化縣,1000707,秀水鄉,下崙村,1533
10007,彰化縣,1000707,秀水鄉,馬興村,28201
10007,彰化縣,1000707,秀水鄉,義興村,15390
10007,彰化縣,1000707,秀水鄉,福安村,70349
10007,彰化縣,1000707,秀水鄉,安東村,56359
10007,彰化縣,1000707,秀水鄉,莊雅村,40519
10007,彰化縣,1000707,秀水鄉,鶴鳴村,48696
10007,彰化縣,1000707,秀水鄉,陝西村,17522
10007,彰化縣,1000707,秀水鄉,總計,326927
10007,彰化縣,1000708,花壇鄉,白沙村,15037
10007,彰化縣,1000708,花壇鄉,中庄村,36170
10007,彰化縣,1000708,花壇鄉,長沙村,20679
10007,彰化縣,1000708,花壇鄉,花壇村,46777
10007,彰化縣,1000708,花壇鄉,金墩村,23693
10007,彰化縣,1000708,花壇鄉,灣雅村,5137
10007,彰化縣,1000708,花壇鄉,三春村,15172
10007,彰化縣,1000708,花壇鄉,南口村,431
10007,彰化縣,1000708,花壇鄉,北口村,55
10007,彰化縣,1000708,花壇鄉,文德村,46
10007,彰化縣,1000708,花壇鄉,中口村,126
10007,彰化縣,1000708,花壇鄉,崙雅村,11
10007,彰化縣,1000708,花壇鄉,劉厝村,1589
10007,彰化縣,1000708,花壇鄉,灣東村,4302
10007,彰化縣,1000708,花壇鄉,橋頭村,38784
10007,彰化縣,1000708,花壇鄉,岩竹村,5002
10007,彰化縣,1000708,花壇鄉,長春村,6919
10007,彰化縣,1000708,花壇鄉,永春村,20336
10007,彰化縣,1000708,花壇鄉,總計,240266
10007,彰化縣,1000709,芬園鄉,茄荖村,249
10007,彰化縣,1000709,芬園鄉,大竹村,104
10007,彰化縣,1000709,芬園鄉,中崙村,41
10007,彰化縣,1000709,芬園鄉,楓坑村,0
10007,彰化縣,1000709,芬園鄉,舊社村,0
10007,彰化縣,1000709,芬園鄉,大埔村,0
10007,彰化縣,1000709,芬園鄉,竹林村,0
10007,彰化縣,1000709,芬園鄉,社口村,0
10007,彰化縣,1000709,芬園鄉,嘉興村,0
10007,彰化縣,1000709,芬園鄉,芬園村,0
10007,彰化縣,1000709,芬園鄉,縣庄村,0
10007,彰化縣,1000709,芬園鄉,圳墘村,0
10007,彰化縣,1000709,芬園鄉,溪頭村,0
10007,彰化縣,1000709,芬園鄉,進芬村,0
10007,彰化縣,1000709,芬園鄉,同安村,228
10007,彰化縣,1000709,芬園鄉,總計,622
10007,彰化縣,1000710,員林市,大饒里,45516
10007,彰化縣,1000710,員林市,三和里,4518
10007,彰化縣,1000710,員林市,南興里,59440
10007,彰化縣,1000710,員林市,黎明里,46908
10007,彰化縣,1000710,員林市,新興里,2424
10007,彰化縣,1000710,員林市,中央里,33402
10007,彰化縣,1000710,員林市,三橋里,2208
10007,彰化縣,1000710,員林市,南平里,81308
10007,彰化縣,1000710,員林市,三多里,2275
10007,彰化縣,1000710,員林市,大埔里,26661
10007,彰化縣,1000710,員林市,中正里,2288
10007,彰化縣,1000710,員林市,三條里,221
10007,彰化縣,1000710,員林市,萬年里,3462
10007,彰化縣,1000710,員林市,民生里,36637
10007,彰化縣,1000710,員林市,仁美里,207
10007,彰化縣,1000710,員林市,源潭里,21070
10007,彰化縣,1000710,員林市,鎮興里,153
10007,彰化縣,1000710,員林市,南東里,209
10007,彰化縣,1000710,員林市,三愛里,0
10007,彰化縣,1000710,員林市,三信里,0
10007,彰化縣,1000710,員林市,仁愛里,0
10007,彰化縣,1000710,員林市,忠孝里,0
10007,彰化縣,1000710,員林市,大峯里,0
10007,彰化縣,1000710,員林市,西東里,0
10007,彰化縣,1000710,員林市,崙雅里,0
10007,彰化縣,1000710,員林市,振興里,0
10007,彰化縣,1000710,員林市,東和里,0
10007,彰化縣,1000710,員林市,湖水里,26
10007,彰化縣,1000710,員林市,浮圳里,487
10007,彰化縣,1000710,員林市,東北里,15654
10007,彰化縣,1000710,員林市,光明里,11195
10007,彰化縣,1000710,員林市,出水里,388
10007,彰化縣,1000710,員林市,中山里,25706
10007,彰化縣,1000710,員林市,惠來里,109829
10007,彰化縣,1000710,員林市,溝皂里,37454
10007,彰化縣,1000710,員林市,新生里,94349
10007,彰化縣,1000710,員林市,和平里,64715
10007,彰化縣,1000710,員林市,林厝里,2250
10007,彰化縣,1000710,員林市,三義里,48734
10007,彰化縣,1000710,員林市,中東里,10644
10007,彰化縣,1000710,員林市,大明里,36659
10007,彰化縣,1000710,員林市,總計,826997
10007,彰化縣,1000711,溪湖鎮,光平里,7901
10007,彰化縣,1000711,溪湖鎮,光華里,11019
10007,彰化縣,1000711,溪湖鎮,太平里,32685
10007,彰化縣,1000711,溪湖鎮,湖西里,40027
10007,彰化縣,1000711,溪湖鎮,大突里,49898
10007,彰化縣,1000711,溪湖鎮,東溪里,1500
10007,彰化縣,1000711,溪湖鎮,田中里,8760
10007,彰化縣,1000711,溪湖鎮,大竹里,39713
10007,彰化縣,1000711,溪湖鎮,北勢里,13847
10007,彰化縣,1000711,溪湖鎮,東寮里,21614
10007,彰化縣,1000711,溪湖鎮,媽厝里,1317
10007,彰化縣,1000711,溪湖鎮,忠覺里,7
10007,彰化縣,1000711,溪湖鎮,中山里,8
10007,彰化縣,1000711,溪湖鎮,西溪里,5
10007,彰化縣,1000711,溪湖鎮,大庭里,135
10007,彰化縣,1000711,溪湖鎮,平和里,4769
10007,彰化縣,1000711,溪湖鎮,湖東里,3356
10007,彰化縣,1000711,溪湖鎮,頂庄里,2856
10007,彰化縣,1000711,溪湖鎮,西勢里,12527
10007,彰化縣,1000711,溪湖鎮,湳底里,5309
10007,彰化縣,1000711,溪湖鎮,番婆里,8697
10007,彰化縣,1000711,溪湖鎮,西寮里,24250
10007,彰化縣,1000711,溪湖鎮,中竹里,9518
10007,彰化縣,1000711,溪湖鎮,河東里,21290
10007,彰化縣,1000711,溪湖鎮,汴頭里,39226
10007,彰化縣,1000711,溪湖鎮,總計,360234
10007,彰化縣,1000712,田中鎮,平和里,15329
10007,彰化縣,1000712,田中鎮,中路里,22913
10007,彰化縣,1000712,田中鎮,復興里,13081
10007,彰化縣,1000712,田中鎮,東源里,8957
10007,彰化縣,1000712,田中鎮,三安里,65
10007,彰化縣,1000712,田中鎮,龍潭里,7808
10007,彰化縣,1000712,田中鎮,南路里,1123
10007,彰化縣,1000712,田中鎮,新民里,143
10007,彰化縣,1000712,田中鎮,大崙里,1
10007,彰化縣,1000712,田中鎮,梅州里,20
10007,彰化縣,1000712,田中鎮,香山里,0
10007,彰化縣,1000712,田中鎮,沙崙里,101
10007,彰化縣,1000712,田中鎮,三民里,1403
10007,彰化縣,1000712,田中鎮,西路里,11811
10007,彰化縣,1000712,田中鎮,東路里,22172
10007,彰化縣,1000712,田中鎮,頂潭里,18077
10007,彰化縣,1000712,田中鎮,中潭里,27322
10007,彰化縣,1000712,田中鎮,大社里,12207
10007,彰化縣,1000712,田中鎮,新庄里,28205
10007,彰化縣,1000712,田中鎮,北路里,53917
10007,彰化縣,1000712,田中鎮,三光里,11679
10007,彰化縣,1000712,田中鎮,碧峰里,10229
10007,彰化縣,1000712,田中鎮,總計,266563
10007,彰化縣,1000713,大村鄉,貢旗村,18604
10007,彰化縣,1000713,大村鄉,村上村,8630
10007,彰化縣,1000713,大村鄉,加錫村,17068
10007,彰化縣,1000713,大村鄉,過溝村,20313
10007,彰化縣,1000713,大村鄉,大村村,20164
10007,彰化縣,1000713,大村鄉,福興村,827
10007,彰化縣,1000713,大村鄉,大橋村,11873
10007,彰化縣,1000713,大村鄉,擺塘村,15250
10007,彰化縣,1000713,大村鄉,大崙村,15739
10007,彰化縣,1000713,大村鄉,南勢村,17252
10007,彰化縣,1000713,大村鄉,平和村,24
10007,彰化縣,1000713,大村鄉,茄苳村,28
10007,彰化縣,1000713,大村鄉,新興村,12104
10007,彰化縣,1000713,大村鄉,田洋村,1268
10007,彰化縣,1000713,大村鄉,黃厝村,6051
10007,彰化縣,1000713,大村鄉,美港村,46180
10007,彰化縣,1000713,大村鄉,總計,211375
10007,彰化縣,1000714,埔鹽鄉,永樂村,50
10007,彰化縣,1000714,埔鹽鄉,石埤村,0
10007,彰化縣,1000714,埔鹽鄉,天盛村,160
10007,彰化縣,1000714,埔鹽鄉,太平村,5
10007,彰化縣,1000714,埔鹽鄉,新水村,389
10007,彰化縣,1000714,埔鹽鄉,三省村,0
10007,彰化縣,1000714,埔鹽鄉,南新村,0
10007,彰化縣,1000714,埔鹽鄉,大有村,0
10007,彰化縣,1000714,埔鹽鄉,新興村,0
10007,彰化縣,1000714,埔鹽鄉,永平村,0
10007,彰化縣,1000714,埔鹽鄉,廍子村,0
10007,彰化縣,1000714,埔鹽鄉,出水村,85
10007,彰化縣,1000714,埔鹽鄉,南港村,80
10007,彰化縣,1000714,埔鹽鄉,打廉村,0
10007,彰化縣,1000714,埔鹽鄉,豐澤村,152
10007,彰化縣,1000714,埔鹽鄉,崑崙村,0
10007,彰化縣,1000714,埔鹽鄉,瓦磘村,0
10007,彰化縣,1000714,埔鹽鄉,西湖村,6
10007,彰化縣,1000714,埔鹽鄉,埔鹽村,107
10007,彰化縣,1000714,埔鹽鄉,埔南村,238
10007,彰化縣,1000714,埔鹽鄉,好修村,979
10007,彰化縣,1000714,埔鹽鄉,角樹村,2293
10007,彰化縣,1000714,埔鹽鄉,總計,4544
10007,彰化縣,1000715,埔心鄉,東門村,56883
10007,彰化縣,1000715,埔心鄉,瓦南村,21462
10007,彰化縣,1000715,埔心鄉,瓦中村,28514
10007,彰化縣,1000715,埔心鄉,義民村,25425
10007,彰化縣,1000715,埔心鄉,大華村,5636
10007,彰化縣,1000715,埔心鄉,埤霞村,8484
10007,彰化縣,1000715,埔心鄉,羅厝村,15168
10007,彰化縣,1000715,埔心鄉,二重村,17756
10007,彰化縣,1000715,埔心鄉,梧鳳村,10914
10007,彰化縣,1000715,埔心鄉,太平村,27602
10007,彰化縣,1000715,埔心鄉,埤腳村,12748
10007,彰化縣,1000715,埔心鄉,經口村,40896
10007,彰化縣,1000715,埔心鄉,芎蕉村,21503
10007,彰化縣,1000715,埔心鄉,仁里村,13881
10007,彰化縣,1000715,埔心鄉,油車村,18620
10007,彰化縣,1000715,埔心鄉,瓦北村,33657
10007,彰化縣,1000715,埔心鄉,埔心村,17524
10007,彰化縣,1000715,埔心鄉,新館村,10978
10007,彰化縣,1000715,埔心鄉,南館村,14843
10007,彰化縣,1000715,埔心鄉,舊館村,32706
10007,彰化縣,1000715,埔心鄉,總計,435200
10007,彰化縣,1000716,永靖鄉,永北村,2018
10007,彰化縣,1000716,永靖鄉,五福村,8276
10007,彰化縣,1000716,永靖鄉,崙子村,674
10007,彰化縣,1000716,永靖鄉,港西村,461
10007,彰化縣,1000716,永靖鄉,福興村,203
10007,彰化縣,1000716,永靖鄉,永西村,20
10007,彰化縣,1000716,永靖鄉,同安村,12
10007,彰化縣,1000716,永靖鄉,永南村,139
10007,彰化縣,1000716,永靖鄉,湳港村,101
10007,彰化縣,1000716,永靖鄉,新莊村,381
10007,彰化縣,1000716,永靖鄉,獨鰲村,614
10007,彰化縣,1000716,永靖鄉,光雲村,4
10007,彰化縣,1000716,永靖鄉,五汴村,72
10007,彰化縣,1000716,永靖鄉,浮圳村,0
10007,彰化縣,1000716,永靖鄉,敦厚村,316
10007,彰化縣,1000716,永靖鄉,崙美村,0
10007,彰化縣,1000716,永靖鄉,同仁村,0
10007,彰化縣,1000716,永靖鄉,湳墘村,0
10007,彰化縣,1000716,永靖鄉,四芳村,0
10007,彰化縣,1000716,永靖鄉,東寧村,255
10007,彰化縣,1000716,永靖鄉,永興村,3576
10007,彰化縣,1000716,永靖鄉,竹子村,289
10007,彰化縣,1000716,永靖鄉,永東村,1635
10007,彰化縣,1000716,永靖鄉,瑚璉村,1307
10007,彰化縣,1000716,永靖鄉,總計,20353
10007,彰化縣,1000717,社頭鄉,松竹村,1506
10007,彰化縣,1000717,社頭鄉,協和村,21649
10007,彰化縣,1000717,社頭鄉,清水村,16916
10007,彰化縣,1000717,社頭鄉,平和村,13190
10007,彰化縣,1000717,社頭鄉,舊社村,24298
10007,彰化縣,1000717,社頭鄉,仁和村,11211
10007,彰化縣,1000717,社頭鄉,埤斗村,12572
10007,彰化縣,1000717,社頭鄉,張厝村,16961
10007,彰化縣,1000717,社頭鄉,廣興村,2575
10007,彰化縣,1000717,社頭鄉,社頭村,1577
10007,彰化縣,1000717,社頭鄉,東興村,0
10007,彰化縣,1000717,社頭鄉,美雅村,2643
10007,彰化縣,1000717,社頭鄉,崙雅村,76
10007,彰化縣,1000717,社頭鄉,山湖村,14240
10007,彰化縣,1000717,社頭鄉,里仁村,17621
10007,彰化縣,1000717,社頭鄉,橋頭村,31492
10007,彰化縣,1000717,社頭鄉,仁雅村,2068
10007,彰化縣,1000717,社頭鄉,湳底村,24020
10007,彰化縣,1000717,社頭鄉,新厝村,19088
10007,彰化縣,1000717,社頭鄉,廣福村,545
10007,彰化縣,1000717,社頭鄉,朝興村,15074
10007,彰化縣,1000717,社頭鄉,龍井村,6103
10007,彰化縣,1000717,社頭鄉,泰安村,11098
10007,彰化縣,1000717,社頭鄉,湳雅村,15636
10007,彰化縣,1000717,社頭鄉,總計,282159
10007,彰化縣,1000718,二水鄉,源泉村,8445
10007,彰化縣,1000718,二水鄉,裕民村,14392
10007,彰化縣,1000718,二水鄉,修仁村,10617
10007,彰化縣,1000718,二水鄉,大園村,10022
10007,彰化縣,1000718,二水鄉,文化村,3659
10007,彰化縣,1000718,二水鄉,合興村,8050
10007,彰化縣,1000718,二水鄉,惠民村,4836
10007,彰化縣,1000718,二水鄉,倡和村,5314
10007,彰化縣,1000718,二水鄉,光化村,204
10007,彰化縣,1000718,二水鄉,五伯村,958
10007,彰化縣,1000718,二水鄉,合和村,0
10007,彰化縣,1000718,二水鄉,上豊村,177
10007,彰化縣,1000718,二水鄉,過圳村,0
10007,彰化縣,1000718,二水鄉,十五村,66
10007,彰化縣,1000718,二水鄉,復興村,105
10007,彰化縣,1000718,二水鄉,二水村,14093
10007,彰化縣,1000718,二水鄉,聖化村,8667
10007,彰化縣,1000718,二水鄉,總計,89605
10007,彰化縣,1000719,北斗鎮,西德里,77240
10007,彰化縣,1000719,北斗鎮,大道里,32349
10007,彰化縣,1000719,北斗鎮,新政里,2445
10007,彰化縣,1000719,北斗鎮,光復里,329
10007,彰化縣,1000719,北斗鎮,中和里,6583
10007,彰化縣,1000719,北斗鎮,五權里,47
10007,彰化縣,1000719,北斗鎮,文昌里,3964
10007,彰化縣,1000719,北斗鎮,居仁里,0
10007,彰化縣,1000719,北斗鎮,重慶里,456
10007,彰化縣,1000719,北斗鎮,東光里,689
10007,彰化縣,1000719,北斗鎮,七星里,321
10007,彰化縣,1000719,北斗鎮,西安里,20938
10007,彰化縣,1000719,北斗鎮,新生里,15980
10007,彰化縣,1000719,北斗鎮,大新里,20777
10007,彰化縣,1000719,北斗鎮,中寮里,34824
10007,彰化縣,1000719,北斗鎮,總計,216942
10007,彰化縣,1000720,二林鎮,頂厝里,2197
10007,彰化縣,1000720,二林鎮,東和里,1846
10007,彰化縣,1000720,二林鎮,萬興里,7281
10007,彰化縣,1000720,二林鎮,東華里,7186
10007,彰化縣,1000720,二林鎮,東勢里,9123
10007,彰化縣,1000720,二林鎮,中西里,3063
10007,彰化縣,1000720,二林鎮,後厝里,542
10007,彰化縣,1000720,二林鎮,西平里,202
10007,彰化縣,1000720,二林鎮,豐田里,1202
10007,彰化縣,1000720,二林鎮,廣興里,60
10007,彰化縣,1000720,二林鎮,復豐里,5614
10007,彰化縣,1000720,二林鎮,西庄里,7244
10007,彰化縣,1000720,二林鎮,趙甲里,816
10007,彰化縣,1000720,二林鎮,香田里,55
10007,彰化縣,1000720,二林鎮,北平里,714
10007,彰化縣,1000720,二林鎮,外竹里,104
10007,彰化縣,1000720,二林鎮,興華里,0
10007,彰化縣,1000720,二林鎮,永興里,8989
10007,彰化縣,1000720,二林鎮,東興里,67
10007,彰化縣,1000720,二林鎮,振興里,5847
10007,彰化縣,1000720,二林鎮,西斗里,7573
10007,彰化縣,1000720,二林鎮,南光里,3206
10007,彰化縣,1000720,二林鎮,梅芳里,7087
10007,彰化縣,1000720,二林鎮,大永里,8878
10007,彰化縣,1000720,二林鎮,原斗里,15724
10007,彰化縣,1000720,二林鎮,萬合里,12227
10007,彰化縣,1000720,二林鎮,華崙里,38693
10007,彰化縣,1000720,二林鎮,總計,155540
10007,彰化縣,1000721,田尾鄉,溪畔村,15719
10007,彰化縣,1000721,田尾鄉,睦宜村,15164
10007,彰化縣,1000721,田尾鄉,田尾村,14638
10007,彰化縣,1000721,田尾鄉,北鎮村,15100
10007,彰化縣,1000721,田尾鄉,饒平村,45233
10007,彰化縣,1000721,田尾鄉,南曾村,16941
10007,彰化縣,1000721,田尾鄉,南鎮村,8372
10007,彰化縣,1000721,田尾鄉,新厝村,3834
10007,彰化縣,1000721,田尾鄉,豐田村,8663
10007,彰化縣,1000721,田尾鄉,海豐村,1077
10007,彰化縣,1000721,田尾鄉,新興村,4388
10007,彰化縣,1000721,田尾鄉,正義村,11480
10007,彰化縣,1000721,田尾鄉,福田村,8742
10007,彰化縣,1000721,田尾鄉,陸豐村,305
10007,彰化縣,1000721,田尾鄉,仁里村,20471
10007,彰化縣,1000721,田尾鄉,柳鳳村,9037
10007,彰化縣,1000721,田尾鄉,溪頂村,7720
10007,彰化縣,1000721,田尾鄉,新生村,17771
10007,彰化縣,1000721,田尾鄉,北曾村,21317
10007,彰化縣,1000721,田尾鄉,打簾村,17824
10007,彰化縣,1000721,田尾鄉,總計,263796
10007,彰化縣,1000722,埤頭鄉,埤頭村,12982
10007,彰化縣,1000722,埤頭鄉,元埔村,9170
10007,彰化縣,1000722,埤頭鄉,崙腳村,293
10007,彰化縣,1000722,埤頭鄉,興農村,6481
10007,彰化縣,1000722,埤頭鄉,芙朝村,148
10007,彰化縣,1000722,埤頭鄉,新庄村,0
10007,彰化縣,1000722,埤頭鄉,陸嘉村,0
10007,彰化縣,1000722,埤頭鄉,豊崙村,112
10007,彰化縣,1000722,埤頭鄉,崙子村,0
10007,彰化縣,1000722,埤頭鄉,永豊村,192
10007,彰化縣,1000722,埤頭鄉,大湖村,5907
10007,彰化縣,1000722,埤頭鄉,中和村,18533
10007,彰化縣,1000722,埤頭鄉,平原村,6453
10007,彰化縣,1000722,埤頭鄉,竹圍村,11811
10007,彰化縣,1000722,埤頭鄉,庄內村,10517
10007,彰化縣,1000722,埤頭鄉,合興村,9050
10007,彰化縣,1000722,埤頭鄉,和豊村,40235
10007,彰化縣,1000722,埤頭鄉,總計,131884
10007,彰化縣,1000723,芳苑鄉,後寮村,13580
10007,彰化縣,1000723,芳苑鄉,永興村,12765
10007,彰化縣,1000723,芳苑鄉,草湖村,18904
10007,彰化縣,1000723,芳苑鄉,芳苑村,10737
10007,彰化縣,1000723,芳苑鄉,漢寶村,35945
10007,彰化縣,1000723,芳苑鄉,信義村,4679
10007,彰化縣,1000723,芳苑鄉,建平村,16296
10007,彰化縣,1000723,芳苑鄉,新生村,11919
10007,彰化縣,1000723,芳苑鄉,民生村,2718
10007,彰化縣,1000723,芳苑鄉,芳中村,4769
10007,彰化縣,1000723,芳苑鄉,興仁村,1923
10007,彰化縣,1000723,芳苑鄉,文津村,10478
10007,彰化縣,1000723,芳苑鄉,路平村,39
10007,彰化縣,1000723,芳苑鄉,博愛村,17
10007,彰化縣,1000723,芳苑鄉,福榮村,0
10007,彰化縣,1000723,芳苑鄉,路上村,197
10007,彰化縣,1000723,芳苑鄉,崙腳村,7008
10007,彰化縣,1000723,芳苑鄉,三成村,56
10007,彰化縣,1000723,芳苑鄉,新街村,207
10007,彰化縣,1000723,芳苑鄉,仁愛村,11039
10007,彰化縣,1000723,芳苑鄉,新寶村,18442
10007,彰化縣,1000723,芳苑鄉,和平村,1620
10007,彰化縣,1000723,芳苑鄉,五俊村,4945
10007,彰化縣,1000723,芳苑鄉,王功村,11578
10007,彰化縣,1000723,芳苑鄉,三合村,30237
10007,彰化縣,1000723,芳苑鄉,頂廍村,6650
10007,彰化縣,1000723,芳苑鄉,總計,236748
10007,彰化縣,1000724,大城鄉,大城村,15374
10007,彰化縣,1000724,大城鄉,豐美村,8946
10007,彰化縣,1000724,大城鄉,東城村,13173
10007,彰化縣,1000724,大城鄉,上山村,7610
10007,彰化縣,1000724,大城鄉,頂庄村,6808
10007,彰化縣,1000724,大城鄉,山腳村,14182
10007,彰化縣,1000724,大城鄉,菜寮村,11632
10007,彰化縣,1000724,大城鄉,潭墘村,107
10007,彰化縣,1000724,大城鄉,西城村,10311
10007,彰化縣,1000724,大城鄉,三豐村,5913
10007,彰化縣,1000724,大城鄉,西港村,9321
10007,彰化縣,1000724,大城鄉,臺西村,8002
10007,彰化縣,1000724,大城鄉,東港村,13299
10007,彰化縣,1000724,大城鄉,永和村,8070
10007,彰化縣,1000724,大城鄉,公館村,11026
10007,彰化縣,1000724,大城鄉,總計,143774
10007,彰化縣,1000725,竹塘鄉,竹塘村,1355
10007,彰化縣,1000725,竹塘鄉,五庄村,16638
10007,彰化縣,1000725,竹塘鄉,長安村,93
10007,彰化縣,1000725,竹塘鄉,竹元村,80
10007,彰化縣,1000725,竹塘鄉,永安村,33
10007,彰化縣,1000725,竹塘鄉,樹腳村,1
10007,彰化縣,1000725,竹塘鄉,小西村,0
10007,彰化縣,1000725,竹塘鄉,新廣村,0
10007,彰化縣,1000725,竹塘鄉,溪墘村,0
10007,彰化縣,1000725,竹塘鄉,竹林村,0
10007,彰化縣,1000725,竹塘鄉,內新村,0
10007,彰化縣,1000725,竹塘鄉,民靖村,98
10007,彰化縣,1000725,竹塘鄉,田頭村,100
10007,彰化縣,1000725,竹塘鄉,土庫村,58
10007,彰化縣,1000725,竹塘鄉,總計,18456
10007,彰化縣,1000726,溪州鄉,成功村,20946
10007,彰化縣,1000726,溪州鄉,溪州村,5051
10007,彰化縣,1000726,溪州鄉,舊眉村,663
10007,彰化縣,1000726,溪州鄉,張厝村,0
10007,彰化縣,1000726,溪州鄉,三圳村,0
10007,彰化縣,1000726,溪州鄉,東州村,0
10007,彰化縣,1000726,溪州鄉,菜公村,0
10007,彰化縣,1000726,溪州鄉,坑厝村,15
10007,彰化縣,1000726,溪州鄉,溪厝村,78
10007,彰化縣,1000726,溪州鄉,潮洋村,114
10007,彰化縣,1000726,溪州鄉,瓦厝村,106
10007,彰化縣,1000726,溪州鄉,柑園村,3632
10007,彰化縣,1000726,溪州鄉,尾厝村,4623
10007,彰化縣,1000726,溪州鄉,三條村,54
10007,彰化縣,1000726,溪州鄉,榮光村,12787
10007,彰化縣,1000726,溪州鄉,大庄村,20757
10007,彰化縣,1000726,溪州鄉,圳寮村,9152
10007,彰化縣,1000726,溪州鄉,水尾村,981
10007,彰化縣,1000726,溪州鄉,西畔村,19649
10007,彰化縣,1000726,溪州鄉,總計,98608
10008,南投縣,1000801,南投市,永豐里,39729
10008,南投縣,1000801,南投市,光明里,8571
10008,南投縣,1000801,南投市,振興里,5665
10008,南投縣,1000801,南投市,平山里,1482
10008,南投縣,1000801,南投市,漳和里,76278
10008,南投縣,1000801,南投市,光華里,8114
10008,南投縣,1000801,南投市,福興里,41997
10008,南投縣,1000801,南投市,龍泉里,1256
10008,南投縣,1000801,南投市,三和里,69433
10008,南投縣,1000801,南投市,崇文里,1693
10008,南投縣,1000801,南投市,東山里,557
10008,南投縣,1000801,南投市,三民里,719
10008,南投縣,1000801,南投市,康壽里,6526
10008,南投縣,1000801,南投市,福山里,175
10008,南投縣,1000801,南投市,新興里,61437
10008,南投縣,1000801,南投市,漳興里,254
10008,南投縣,1000801,南投市,彰仁里,46
10008,南投縣,1000801,南投市,鳳山里,1
10008,南投縣,1000801,南投市,鳳鳴里,469
10008,南投縣,1000801,南投市,永興里,293
10008,南投縣,1000801,南投市,南投里,87
10008,南投縣,1000801,南投市,仁和里,26
10008,南投縣,1000801,南投市,平和里,97300
10008,南投縣,1000801,南投市,營南里,1492
10008,南投縣,1000801,南投市,軍功里,6543
10008,南投縣,1000801,南投市,內新里,20913
10008,南投縣,1000801,南投市,光輝里,8904
10008,南投縣,1000801,南投市,千秋里,13784
10008,南投縣,1000801,南投市,嘉興里,25538
10008,南投縣,1000801,南投市,嘉和里,66865
10008,南投縣,1000801,南投市,光榮里,8227
10008,南投縣,1000801,南投市,三興里,47034
10008,南投縣,1000801,南投市,營北里,92580
10008,南投縣,1000801,南投市,內興里,111099
10008,南投縣,1000801,南投市,總計,825087
10008,南投縣,1000802,埔里鎮,北梅里,26129
10008,南投縣,1000802,埔里鎮,一新里,1224
10008,南投縣,1000802,埔里鎮,西門里,73745
10008,南投縣,1000802,埔里鎮,愛蘭里,34983
10008,南投縣,1000802,埔里鎮,東門里,935
10008,南投縣,1000802,埔里鎮,薰化里,22147
10008,南投縣,1000802,埔里鎮,杷城里,1820
10008,南投縣,1000802,埔里鎮,史港里,26
10008,南投縣,1000802,埔里鎮,南門里,2594
10008,南投縣,1000802,埔里鎮,牛眠里,112
10008,南投縣,1000802,埔里鎮,溪南里,207
10008,南投縣,1000802,埔里鎮,合成里,72
10008,南投縣,1000802,埔里鎮,福興里,0
10008,南投縣,1000802,埔里鎮,廣成里,0
10008,南投縣,1000802,埔里鎮,房里里,0
10008,南投縣,1000802,埔里鎮,向善里,0
10008,南投縣,1000802,埔里鎮,成功里,0
10008,南投縣,1000802,埔里鎮,麒麟里,0
10008,南投縣,1000802,埔里鎮,珠格里,0
10008,南投縣,1000802,埔里鎮,同聲里,0
10008,南投縣,1000802,埔里鎮,大湳里,1851
10008,南投縣,1000802,埔里鎮,泰安里,433
10008,南投縣,1000802,埔里鎮,枇杷里,5871
10008,南投縣,1000802,埔里鎮,蜈蚣里,1095
10008,南投縣,1000802,埔里鎮,北安里,64224
10008,南投縣,1000802,埔里鎮,清新里,523
10008,南投縣,1000802,埔里鎮,籃城里,6177
10008,南投縣,1000802,埔里鎮,桃米里,20809
10008,南投縣,1000802,埔里鎮,水頭里,4088
10008,南投縣,1000802,埔里鎮,南村里,15989
10008,南投縣,1000802,埔里鎮,鐵山里,23159
10008,南投縣,1000802,埔里鎮,大城里,104894
10008,南投縣,1000802,埔里鎮,北門里,56745
10008,南投縣,1000802,埔里鎮,總計,469852
10008,南投縣,1000803,草屯鎮,富寮里,113845
10008,南投縣,1000803,草屯鎮,上林里,18870
10008,南投縣,1000803,草屯鎮,炎峰里,2722
10008,南投縣,1000803,草屯鎮,玉峰里,3707
10008,南投縣,1000803,草屯鎮,土城里,13407
10008,南投縣,1000803,草屯鎮,明正里,1137
10008,南投縣,1000803,草屯鎮,中山里,3302
10008,南投縣,1000803,草屯鎮,中正里,969
10008,南投縣,1000803,草屯鎮,石川里,24
10008,南投縣,1000803,草屯鎮,碧峰里,442
10008,南投縣,1000803,草屯鎮,新厝里,148
10008,南投縣,1000803,草屯鎮,加老里,16
10008,南投縣,1000803,草屯鎮,復興里,182
10008,南投縣,1000803,草屯鎮,平林里,636
10008,南投縣,1000803,草屯鎮,碧洲里,716
10008,南投縣,1000803,草屯鎮,北勢里,15702
10008,南投縣,1000803,草屯鎮,新庄里,3669
10008,南投縣,1000803,草屯鎮,雙冬里,758
10008,南投縣,1000803,草屯鎮,和平里,2022
10008,南投縣,1000803,草屯鎮,北投里,34278
10008,南投縣,1000803,草屯鎮,坪頂里,12699
10008,南投縣,1000803,草屯鎮,南埔里,46383
10008,南投縣,1000803,草屯鎮,山腳里,143958
10008,南投縣,1000803,草屯鎮,中原里,20009
10008,南投縣,1000803,草屯鎮,新豐里,45857
10008,南投縣,1000803,草屯鎮,敦和里,77778
10008,南投縣,1000803,草屯鎮,御史里,79192
10008,南投縣,1000803,草屯鎮,總計,642428
10008,南投縣,1000804,竹山鎮,延和里,68563
10008,南投縣,1000804,竹山鎮,延平里,32552
10008,南投縣,1000804,竹山鎮,下坪里,2197
10008,南投縣,1000804,竹山鎮,富州里,5698
10008,南投縣,1000804,竹山鎮,延正里,13095
10008,南投縣,1000804,竹山鎮,中央里,7549
10008,南投縣,1000804,竹山鎮,延山里,5391
10008,南投縣,1000804,竹山鎮,坪頂里,2944
10008,南投縣,1000804,竹山鎮,雲林里,1640
10008,南投縣,1000804,竹山鎮,竹山里,365
10008,南投縣,1000804,竹山鎮,中山里,1155
10008,南投縣,1000804,竹山鎮,桶頭里,1005
10008,南投縣,1000804,竹山鎮,福興里,85
10008,南投縣,1000804,竹山鎮,秀林里,0
10008,南投縣,1000804,竹山鎮,德興里,0
10008,南投縣,1000804,竹山鎮,大鞍里,0
10008,南投縣,1000804,竹山鎮,田子里,0
10008,南投縣,1000804,竹山鎮,中正里,0
10008,南投縣,1000804,竹山鎮,硘磘里,0
10008,南投縣,1000804,竹山鎮,桂林里,0
10008,南投縣,1000804,竹山鎮,中和里,40
10008,南投縣,1000804,竹山鎮,中崎里,247
10008,南投縣,1000804,竹山鎮,山崇里,7995
10008,南投縣,1000804,竹山鎮,延祥里,39210
10008,南投縣,1000804,竹山鎮,鯉魚里,5999
10008,南投縣,1000804,竹山鎮,竹圍里,2343
10008,南投縣,1000804,竹山鎮,瑞竹里,6006
10008,南投縣,1000804,竹山鎮,社寮里,40128
10008,南投縣,1000804,竹山鎮,總計,244207
10008,南投縣,1000805,集集鎮,田寮里,30014
10008,南投縣,1000805,集集鎮,吳厝里,12452
10008,南投縣,1000805,集集鎮,廣明里,2628
10008,南投縣,1000805,集集鎮,和平里,1162
10008,南投縣,1000805,集集鎮,集集里,6595
10008,南投縣,1000805,集集鎮,林尾里,332
10008,南投縣,1000805,集集鎮,富山里,6
10008,南投縣,1000805,集集鎮,玉映里,58
10008,南投縣,1000805,集集鎮,永昌里,154
10008,南投縣,1000805,集集鎮,隘寮里,5205
10008,南投縣,1000805,集集鎮,八張里,4256
10008,南投縣,1000805,集集鎮,總計,62862
10008,南投縣,1000806,名間鄉,新厝村,9631
10008,南投縣,1000806,名間鄉,新民村,9468
10008,南投縣,1000806,名間鄉,南雅村,18780
10008,南投縣,1000806,名間鄉,松柏村,20440
10008,南投縣,1000806,名間鄉,濁水村,22620
10008,南投縣,1000806,名間鄉,東湖村,370
10008,南投縣,1000806,名間鄉,仁和村,2047
10008,南投縣,1000806,名間鄉,大坑村,1086
10008,南投縣,1000806,名間鄉,田仔村,100
10008,南投縣,1000806,名間鄉,新光村,115
10008,南投縣,1000806,名間鄉,廍下村,0
10008,南投縣,1000806,名間鄉,大庄村,27
10008,南投縣,1000806,名間鄉,炭寮村,12586
10008,南投縣,1000806,名間鄉,萬丹村,845
10008,南投縣,1000806,名間鄉,新街村,1607
10008,南投縣,1000806,名間鄉,中正村,38553
10008,南投縣,1000806,名間鄉,中山村,1029
10008,南投縣,1000806,名間鄉,三崙村,25267
10008,南投縣,1000806,名間鄉,松山村,30962
10008,南投縣,1000806,名間鄉,竹圍村,17685
10008,南投縣,1000806,名間鄉,崁腳村,15171
10008,南投縣,1000806,名間鄉,埔中村,21944
10008,南投縣,1000806,名間鄉,赤水村,17084
10008,南投縣,1000806,名間鄉,總計,267417
10008,南投縣,1000807,鹿谷鄉,廣興村,16833
10008,南投縣,1000807,鹿谷鄉,初鄉村,16027
10008,南投縣,1000807,鹿谷鄉,彰雅村,15220
10008,南投縣,1000807,鹿谷鄉,鹿谷村,24117
10008,南投縣,1000807,鹿谷鄉,鳳凰村,7118
10008,南投縣,1000807,鹿谷鄉,永隆村,13313
10008,南投縣,1000807,鹿谷鄉,竹豐村,4422
10008,南投縣,1000807,鹿谷鄉,和雅村,0
10008,南投縣,1000807,鹿谷鄉,內湖村,2
10008,南投縣,1000807,鹿谷鄉,清水村,3493
10008,南投縣,1000807,鹿谷鄉,瑞田村,4853
10008,南投縣,1000807,鹿谷鄉,竹林村,7934
10008,南投縣,1000807,鹿谷鄉,秀峰村,6487
10008,南投縣,1000807,鹿谷鄉,總計,119819
10008,南投縣,1000808,中寮鄉,廣福村,2565
10008,南投縣,1000808,中寮鄉,廣興村,1140
10008,南投縣,1000808,中寮鄉,復興村,957
10008,南投縣,1000808,中寮鄉,崁頂村,1182
10008,南投縣,1000808,中寮鄉,和興村,208
10008,南投縣,1000808,中寮鄉,內城村,0
10008,南投縣,1000808,中寮鄉,永芳村,0
10008,南投縣,1000808,中寮鄉,龍安村,56
10008,南投縣,1000808,中寮鄉,龍岩村,4
10008,南投縣,1000808,中寮鄉,永和村,46
10008,南投縣,1000808,中寮鄉,永平村,20356
10008,南投縣,1000808,中寮鄉,清水村,145
10008,南投縣,1000808,中寮鄉,爽文村,633
10008,南投縣,1000808,中寮鄉,福盛村,1666
10008,南投縣,1000808,中寮鄉,中寮村,6793
10008,南投縣,1000808,中寮鄉,八仙村,6501
10008,南投縣,1000808,中寮鄉,義和村,15000
10008,南投縣,1000808,中寮鄉,永福村,14910
10008,南投縣,1000808,中寮鄉,總計,72162
10008,南投縣,1000809,魚池鄉,魚池村,2461
10008,南投縣,1000809,魚池鄉,日月村,16361
10008,南投縣,1000809,魚池鄉,東光村,12233
10008,南投縣,1000809,魚池鄉,新城村,258
10008,南投縣,1000809,魚池鄉,武登村,4968
10008,南投縣,1000809,魚池鄉,大林村,0
10008,南投縣,1000809,魚池鄉,共和村,0
10008,南投縣,1000809,魚池鄉,大雁村,0
10008,南投縣,1000809,魚池鄉,五城村,0
10008,南投縣,1000809,魚池鄉,頭社村,4698
10008,南投縣,1000809,魚池鄉,東池村,70
10008,南投縣,1000809,魚池鄉,中明村,4744
10008,南投縣,1000809,魚池鄉,水社村,53575
10008,南投縣,1000809,魚池鄉,總計,99368
10008,南投縣,1000810,國姓鄉,石門村,20124
10008,南投縣,1000810,國姓鄉,長流村,10849
10008,南投縣,1000810,國姓鄉,乾溝村,13
10008,南投縣,1000810,國姓鄉,柑林村,156
10008,南投縣,1000810,國姓鄉,南港村,0
10008,南投縣,1000810,國姓鄉,大石村,0
10008,南投縣,1000810,國姓鄉,長豐村,3292
10008,南投縣,1000810,國姓鄉,福龜村,457
10008,南投縣,1000810,國姓鄉,北山村,1736
10008,南投縣,1000810,國姓鄉,北港村,2886
10008,南投縣,1000810,國姓鄉,大旗村,2902
10008,南投縣,1000810,國姓鄉,長福村,2764
10008,南投縣,1000810,國姓鄉,國姓村,19791
10008,南投縣,1000810,國姓鄉,總計,64970
10008,南投縣,1000811,水里鄉,永豐村,16947
10008,南投縣,1000811,水里鄉,北埔村,16380
10008,南投縣,1000811,水里鄉,南光村,28959
10008,南投縣,1000811,水里鄉,水里村,95
10008,南投縣,1000811,水里鄉,車埕村,289
10008,南投縣,1000811,水里鄉,永興村,2107
10008,南投縣,1000811,水里鄉,新城村,204
10008,南投縣,1000811,水里鄉,玉峰村,172
10008,南投縣,1000811,水里鄉,中央村,124
10008,南投縣,1000811,水里鄉,農富村,13
10008,南投縣,1000811,水里鄉,城中村,0
10008,南投縣,1000811,水里鄉,興隆村,0
10008,南投縣,1000811,水里鄉,新興村,0
10008,南投縣,1000811,水里鄉,新山村,0
10008,南投縣,1000811,水里鄉,郡坑村,0
10008,南投縣,1000811,水里鄉,上安村,0
10008,南投縣,1000811,水里鄉,民和村,3775
10008,南投縣,1000811,水里鄉,鉅工村,17301
10008,南投縣,1000811,水里鄉,頂崁村,14792
10008,南投縣,1000811,水里鄉,總計,101158
10008,南投縣,1000812,信義鄉,自強村,230
10008,南投縣,1000812,信義鄉,地利村,302
10008,南投縣,1000812,信義鄉,愛國村,416
10008,南投縣,1000812,信義鄉,人和村,0
10008,南投縣,1000812,信義鄉,潭南村,0
10008,南投縣,1000812,信義鄉,望美村,0
10008,南投縣,1000812,信義鄉,同富村,0
10008,南投縣,1000812,信義鄉,神木村,0
10008,南投縣,1000812,信義鄉,東埔村,0
10008,南投縣,1000812,信義鄉,雙龍村,0
10008,南投縣,1000812,信義鄉,豐丘村,0
10008,南投縣,1000812,信義鄉,新鄉村,3827
10008,南投縣,1000812,信義鄉,明德村,14771
10008,南投縣,1000812,信義鄉,羅娜村,9711
10008,南投縣,1000812,信義鄉,總計,29257
10008,南投縣,1000813,仁愛鄉,大同村,11018
10008,南投縣,1000813,仁愛鄉,南豐村,0
10008,南投縣,1000813,仁愛鄉,精英村,0
10008,南投縣,1000813,仁愛鄉,萬豐村,0
10008,南投縣,1000813,仁愛鄉,榮興村,0
10008,南投縣,1000813,仁愛鄉,翠華村,0
10008,南投縣,1000813,仁愛鄉,法治村,0
10008,南投縣,1000813,仁愛鄉,中正村,0
10008,南投縣,1000813,仁愛鄉,互助村,0
10008,南投縣,1000813,仁愛鄉,新生村,0
10008,南投縣,1000813,仁愛鄉,力行村,0
10008,南投縣,1000813,仁愛鄉,發祥村,0
10008,南投縣,1000813,仁愛鄉,合作村,0
10008,南投縣,1000813,仁愛鄉,親愛村,0
10008,南投縣,1000813,仁愛鄉,春陽村,5675
10008,南投縣,1000813,仁愛鄉,總計,16693
10009,雲林縣,1000901,斗六市,信義里,37783
10009,雲林縣,1000901,斗六市,龍潭里,38271
10009,雲林縣,1000901,斗六市,鎮西里,44415
10009,雲林縣,1000901,斗六市,榴南里,1216
10009,雲林縣,1000901,斗六市,湖山里,2475
10009,雲林縣,1000901,斗六市,虎溪里,90835
10009,雲林縣,1000901,斗六市,梅林里,3573
10009,雲林縣,1000901,斗六市,三平里,72141
10009,雲林縣,1000901,斗六市,江厝里,13127
10009,雲林縣,1000901,斗六市,八德里,608
10009,雲林縣,1000901,斗六市,中和里,9708
10009,雲林縣,1000901,斗六市,鎮南里,100657
10009,雲林縣,1000901,斗六市,仁愛里,25377
10009,雲林縣,1000901,斗六市,公正里,67849
10009,雲林縣,1000901,斗六市,榴北里,1344
10009,雲林縣,1000901,斗六市,忠孝里,1011
10009,雲林縣,1000901,斗六市,三光里,7251
10009,雲林縣,1000901,斗六市,長平里,22
10009,雲林縣,1000901,斗六市,保庄里,338
10009,雲林縣,1000901,斗六市,明德里,70
10009,雲林縣,1000901,斗六市,崙峯里,422
10009,雲林縣,1000901,斗六市,溝埧里,759
10009,雲林縣,1000901,斗六市,四維里,208
10009,雲林縣,1000901,斗六市,太平里,123
10009,雲林縣,1000901,斗六市,重光里,22559
10009,雲林縣,1000901,斗六市,鎮北里,1175
10009,雲林縣,1000901,斗六市,公誠里,2040
10009,雲林縣,1000901,斗六市,鎮東里,6332
10009,雲林縣,1000901,斗六市,榴中里,4642
10009,雲林縣,1000901,斗六市,嘉東里,5441
10009,雲林縣,1000901,斗六市,光興里,31761
10009,雲林縣,1000901,斗六市,長安里,39699
10009,雲林縣,1000901,斗六市,久安里,37631
10009,雲林縣,1000901,斗六市,成功里,56970
10009,雲林縣,1000901,斗六市,社口里,60105
10009,雲林縣,1000901,斗六市,溪洲里,45996
10009,雲林縣,1000901,斗六市,十三里,15332
10009,雲林縣,1000901,斗六市,林頭里,80712
10009,雲林縣,1000901,斗六市,總計,929978
10009,雲林縣,1000902,斗南鎮,小東里,2647
10009,雲林縣,1000902,斗南鎮,將軍里,23073
10009,雲林縣,1000902,斗南鎮,阿丹里,658
10009,雲林縣,1000902,斗南鎮,靖興里,12922
10009,雲林縣,1000902,斗南鎮,石龜里,11595
10009,雲林縣,1000902,斗南鎮,舊社里,40392
10009,雲林縣,1000902,斗南鎮,南昌里,388
10009,雲林縣,1000902,斗南鎮,新南里,1603
10009,雲林縣,1000902,斗南鎮,大東里,11727
10009,雲林縣,1000902,斗南鎮,新光里,1219
10009,雲林縣,1000902,斗南鎮,新崙里,20742
10009,雲林縣,1000902,斗南鎮,西伯里,2845
10009,雲林縣,1000902,斗南鎮,田頭里,0
10009,雲林縣,1000902,斗南鎮,東明里,13
10009,雲林縣,1000902,斗南鎮,北銘里,29059
10009,雲林縣,1000902,斗南鎮,中天里,3355
10009,雲林縣,1000902,斗南鎮,石溪里,13189
10009,雲林縣,1000902,斗南鎮,東仁里,25802
10009,雲林縣,1000902,斗南鎮,埤麻里,10257
10009,雲林縣,1000902,斗南鎮,林子里,21158
10009,雲林縣,1000902,斗南鎮,西岐里,13123
10009,雲林縣,1000902,斗南鎮,明昌里,91306
10009,雲林縣,1000902,斗南鎮,總計,337073
10009,雲林縣,1000903,虎尾鎮,墾地里,16159
10009,雲林縣,1000903,虎尾鎮,平和里,3975
10009,雲林縣,1000903,虎尾鎮,興中里,5570
10009,雲林縣,1000903,虎尾鎮,立仁里,89321
10009,雲林縣,1000903,虎尾鎮,新興里,6377
10009,雲林縣,1000903,虎尾鎮,東仁里,4864
10009,雲林縣,1000903,虎尾鎮,安慶里,9446
10009,雲林縣,1000903,虎尾鎮,西安里,103968
10009,雲林縣,1000903,虎尾鎮,公安里,68287
10009,雲林縣,1000903,虎尾鎮,中山里,1644
10009,雲林縣,1000903,虎尾鎮,芳草里,336
10009,雲林縣,1000903,虎尾鎮,安溪里,327
10009,雲林縣,1000903,虎尾鎮,頂溪里,604
10009,雲林縣,1000903,虎尾鎮,埒內里,0
10009,雲林縣,1000903,虎尾鎮,堀頭里,0
10009,雲林縣,1000903,虎尾鎮,下溪里,0
10009,雲林縣,1000903,虎尾鎮,中溪里,483
10009,雲林縣,1000903,虎尾鎮,德興里,50855
10009,雲林縣,1000903,虎尾鎮,延平里,19112
10009,雲林縣,1000903,虎尾鎮,興南里,34335
10009,雲林縣,1000903,虎尾鎮,惠來里,1878
10009,雲林縣,1000903,虎尾鎮,廉使里,1766
10009,雲林縣,1000903,虎尾鎮,西屯里,21888
10009,雲林縣,1000903,虎尾鎮,北溪里,11073
10009,雲林縣,1000903,虎尾鎮,東屯里,20630
10009,雲林縣,1000903,虎尾鎮,建國里,12646
10009,雲林縣,1000903,虎尾鎮,新吉里,77877
10009,雲林縣,1000903,虎尾鎮,三合里,21677
10009,雲林縣,1000903,虎尾鎮,穎川里,44759
10009,雲林縣,1000903,虎尾鎮,總計,629857
10009,雲林縣,1000904,西螺鎮,振興里,25521
10009,雲林縣,1000904,西螺鎮,福田里,13950
10009,雲林縣,1000904,西螺鎮,大園里,3088
10009,雲林縣,1000904,西螺鎮,九隆里,10361
10009,雲林縣,1000904,西螺鎮,廣福里,35138
10009,雲林縣,1000904,西螺鎮,正興里,73501
10009,雲林縣,1000904,西螺鎮,中興里,2829
10009,雲林縣,1000904,西螺鎮,福興里,324
10009,雲林縣,1000904,西螺鎮,東興里,45
10009,雲林縣,1000904,西螺鎮,七座里,13407
10009,雲林縣,1000904,西螺鎮,中和里,532
10009,雲林縣,1000904,西螺鎮,吳厝里,53
10009,雲林縣,1000904,西螺鎮,大新里,98
10009,雲林縣,1000904,西螺鎮,安定里,0
10009,雲林縣,1000904,西螺鎮,光華里,0
10009,雲林縣,1000904,西螺鎮,永安里,0
10009,雲林縣,1000904,西螺鎮,河南里,673
10009,雲林縣,1000904,西螺鎮,埤頭里,355
10009,雲林縣,1000904,西螺鎮,頂湳里,64
10009,雲林縣,1000904,西螺鎮,廣興里,652
10009,雲林縣,1000904,西螺鎮,詔安里,130
10009,雲林縣,1000904,西螺鎮,下湳里,12071
10009,雲林縣,1000904,西螺鎮,鹿場里,20001
10009,雲林縣,1000904,西螺鎮,新安里,26416
10009,雲林縣,1000904,西螺鎮,漢光里,76409
10009,雲林縣,1000904,西螺鎮,新豐里,40182
10009,雲林縣,1000904,西螺鎮,公館里,19652
10009,雲林縣,1000904,西螺鎮,總計,375452
10009,雲林縣,1000905,土庫鎮,東平里,29462
10009,雲林縣,1000905,土庫鎮,西平里,25344
10009,雲林縣,1000905,土庫鎮,奮起里,18453
10009,雲林縣,1000905,土庫鎮,後埔里,422
10009,雲林縣,1000905,土庫鎮,大荖里,10491
10009,雲林縣,1000905,土庫鎮,宮北里,48
10009,雲林縣,1000905,土庫鎮,溪邊里,0
10009,雲林縣,1000905,土庫鎮,忠正里,92
10009,雲林縣,1000905,土庫鎮,石廟里,3351
10009,雲林縣,1000905,土庫鎮,南平里,27358
10009,雲林縣,1000905,土庫鎮,興新里,663
10009,雲林縣,1000905,土庫鎮,新庄里,17947
10009,雲林縣,1000905,土庫鎮,越港里,1566
10009,雲林縣,1000905,土庫鎮,北平里,13094
10009,雲林縣,1000905,土庫鎮,順天里,3108
10009,雲林縣,1000905,土庫鎮,埤腳里,18825
10009,雲林縣,1000905,土庫鎮,崙內里,22211
10009,雲林縣,1000905,土庫鎮,總計,192435
10009,雲林縣,1000906,北港鎮,新街里,134723
10009,雲林縣,1000906,北港鎮,光復里,13676
10009,雲林縣,1000906,北港鎮,光民里,2769
10009,雲林縣,1000906,北港鎮,仁和里,391
10009,雲林縣,1000906,北港鎮,大同里,26159
10009,雲林縣,1000906,北港鎮,仁安里,1831
10009,雲林縣,1000906,北港鎮,劉厝里,202
10009,雲林縣,1000906,北港鎮,西勢里,262
10009,雲林縣,1000906,北港鎮,番溝里,7
10009,雲林縣,1000906,北港鎮,大北里,0
10009,雲林縣,1000906,北港鎮,水埔里,0
10009,雲林縣,1000906,北港鎮,東陽里,0
10009,雲林縣,1000906,北港鎮,賜福里,0
10009,雲林縣,1000906,北港鎮,公館里,0
10009,雲林縣,1000906,北港鎮,東華里,0
10009,雲林縣,1000906,北港鎮,中和里,0
10009,雲林縣,1000906,北港鎮,義民里,0
10009,雲林縣,1000906,北港鎮,共榮里,0
10009,雲林縣,1000906,北港鎮,溝皂里,0
10009,雲林縣,1000906,北港鎮,草湖里,19
10009,雲林縣,1000906,北港鎮,扶朝里,24
10009,雲林縣,1000906,北港鎮,好收里,161
10009,雲林縣,1000906,北港鎮,後溝里,11812
10009,雲林縣,1000906,北港鎮,樹腳里,44343
10009,雲林縣,1000906,北港鎮,華勝里,102088
10009,雲林縣,1000906,北港鎮,新厝里,5491
10009,雲林縣,1000906,北港鎮,府番里,12243
10009,雲林縣,1000906,北港鎮,南安里,2147
10009,雲林縣,1000906,北港鎮,總計,358348
10009,雲林縣,1000907,古坑鄉,永光村,33243
10009,雲林縣,1000907,古坑鄉,棋盤村,26256
10009,雲林縣,1000907,古坑鄉,東和村,1593
10009,雲林縣,1000907,古坑鄉,永昌村,32756
10009,雲林縣,1000907,古坑鄉,古坑村,1332
10009,雲林縣,1000907,古坑鄉,華南村,793
10009,雲林縣,1000907,古坑鄉,麻園村,17928
10009,雲林縣,1000907,古坑鄉,西平村,188
10009,雲林縣,1000907,古坑鄉,桂林村,22
10009,雲林縣,1000907,古坑鄉,樟湖村,0
10009,雲林縣,1000907,古坑鄉,草嶺村,0
10009,雲林縣,1000907,古坑鄉,華山村,2825
10009,雲林縣,1000907,古坑鄉,水碓村,86
10009,雲林縣,1000907,古坑鄉,高林村,0
10009,雲林縣,1000907,古坑鄉,荷苞村,0
10009,雲林縣,1000907,古坑鄉,新庄村,167
10009,雲林縣,1000907,古坑鄉,湳仔村,2324
10009,雲林縣,1000907,古坑鄉,朝陽村,644
10009,雲林縣,1000907,古坑鄉,崁腳村,22114
10009,雲林縣,1000907,古坑鄉,田心村,10056
10009,雲林縣,1000907,古坑鄉,總計,152327
10009,雲林縣,1000908,大埤鄉,興安村,9689
10009,雲林縣,1000908,大埤鄉,南和村,1875
10009,雲林縣,1000908,大埤鄉,北和村,289
10009,雲林縣,1000908,大埤鄉,松竹村,12925
10009,雲林縣,1000908,大埤鄉,嘉興村,28623
10009,雲林縣,1000908,大埤鄉,豐田村,26874
10009,雲林縣,1000908,大埤鄉,怡然村,147
10009,雲林縣,1000908,大埤鄉,聯美村,90
10009,雲林縣,1000908,大埤鄉,北鎮村,0
10009,雲林縣,1000908,大埤鄉,吉田村,0
10009,雲林縣,1000908,大埤鄉,大德村,12643
10009,雲林縣,1000908,大埤鄉,西鎮村,9077
10009,雲林縣,1000908,大埤鄉,尚義村,801
10009,雲林縣,1000908,大埤鄉,豐岡村,8762
10009,雲林縣,1000908,大埤鄉,三結村,15404
10009,雲林縣,1000908,大埤鄉,總計,127199
10009,雲林縣,1000909,莿桐鄉,六合村,24569
10009,雲林縣,1000909,莿桐鄉,莿桐村,67897
10009,雲林縣,1000909,莿桐鄉,五華村,19311
10009,雲林縣,1000909,莿桐鄉,甘西村,21823
10009,雲林縣,1000909,莿桐鄉,麻園村,151
10009,雲林縣,1000909,莿桐鄉,四合村,5
10009,雲林縣,1000909,莿桐鄉,埔子村,41
10009,雲林縣,1000909,莿桐鄉,饒平村,348
10009,雲林縣,1000909,莿桐鄉,興貴村,0
10009,雲林縣,1000909,莿桐鄉,大美村,2006
10009,雲林縣,1000909,莿桐鄉,義和村,18112
10009,雲林縣,1000909,莿桐鄉,興桐村,18541
10009,雲林縣,1000909,莿桐鄉,埔尾村,19714
10009,雲林縣,1000909,莿桐鄉,甘厝村,13460
10009,雲林縣,1000909,莿桐鄉,總計,205978
10009,雲林縣,1000910,林內鄉,九芎村,38561
10009,雲林縣,1000910,林內鄉,林茂村,11078
10009,雲林縣,1000910,林內鄉,烏塗村,16942
10009,雲林縣,1000910,林內鄉,林中村,8286
10009,雲林縣,1000910,林內鄉,重興村,26825
10009,雲林縣,1000910,林內鄉,林南村,749
10009,雲林縣,1000910,林內鄉,林北村,67
10009,雲林縣,1000910,林內鄉,坪頂村,70
10009,雲林縣,1000910,林內鄉,湖本村,0
10009,雲林縣,1000910,林內鄉,烏麻村,15875
10009,雲林縣,1000910,林內鄉,總計,118453
10009,雲林縣,1000911,二崙鄉,崙西村,1835
10009,雲林縣,1000911,二崙鄉,大庄村,17075
10009,雲林縣,1000911,二崙鄉,崙東村,820
10009,雲林縣,1000911,二崙鄉,油車村,29781
10009,雲林縣,1000911,二崙鄉,大同村,204
10009,雲林縣,1000911,二崙鄉,義庄村,9908
10009,雲林縣,1000911,二崙鄉,三和村,83
10009,雲林縣,1000911,二崙鄉,來惠村,1414
10009,雲林縣,1000911,二崙鄉,湳仔村,26
10009,雲林縣,1000911,二崙鄉,田尾村,374
10009,雲林縣,1000911,二崙鄉,庄西村,2882
10009,雲林縣,1000911,二崙鄉,復興村,1378
10009,雲林縣,1000911,二崙鄉,大義村,12231
10009,雲林縣,1000911,二崙鄉,永定村,21648
10009,雲林縣,1000911,二崙鄉,大華村,10755
10009,雲林縣,1000911,二崙鄉,楊賢村,19196
10009,雲林縣,1000911,二崙鄉,港後村,29733
10009,雲林縣,1000911,二崙鄉,定安村,16145
10009,雲林縣,1000911,二崙鄉,總計,175488
10009,雲林縣,1000912,崙背鄉,東明村,24333
10009,雲林縣,1000912,崙背鄉,羅厝村,31288
10009,雲林縣,1000912,崙背鄉,港尾村,18257
10009,雲林縣,1000912,崙背鄉,南陽村,49539
10009,雲林縣,1000912,崙背鄉,豐榮村,311
10009,雲林縣,1000912,崙背鄉,大有村,10
10009,雲林縣,1000912,崙背鄉,枋南村,8
10009,雲林縣,1000912,崙背鄉,舊庄村,23
10009,雲林縣,1000912,崙背鄉,阿勸村,27
10009,雲林縣,1000912,崙背鄉,五魁村,0
10009,雲林縣,1000912,崙背鄉,水尾村,177
10009,雲林縣,1000912,崙背鄉,西榮村,18881
10009,雲林縣,1000912,崙背鄉,草湖村,325
10009,雲林縣,1000912,崙背鄉,崙前村,33040
10009,雲林縣,1000912,崙背鄉,總計,176219
10009,雲林縣,1000913,麥寮鄉,橋頭村,59001
10009,雲林縣,1000913,麥寮鄉,麥豐村,3924
10009,雲林縣,1000913,麥寮鄉,後安村,31057
10009,雲林縣,1000913,麥寮鄉,三盛村,51778
10009,雲林縣,1000913,麥寮鄉,麥津村,58999
10009,雲林縣,1000913,麥寮鄉,興華村,448
10009,雲林縣,1000913,麥寮鄉,雷厝村,522
10009,雲林縣,1000913,麥寮鄉,新吉村,0
10009,雲林縣,1000913,麥寮鄉,瓦磘村,0
10009,雲林縣,1000913,麥寮鄉,崙後村,138
10009,雲林縣,1000913,麥寮鄉,海豐村,408
10009,雲林縣,1000913,麥寮鄉,施厝村,37429
10009,雲林縣,1000913,麥寮鄉,總計,243704
10009,雲林縣,1000914,東勢鄉,程海村,2041
10009,雲林縣,1000914,東勢鄉,嘉隆村,354
10009,雲林縣,1000914,東勢鄉,月眉村,482
10009,雲林縣,1000914,東勢鄉,安南村,282
10009,雲林縣,1000914,東勢鄉,東北村,110
10009,雲林縣,1000914,東勢鄉,東南村,1110
10009,雲林縣,1000914,東勢鄉,龍潭村,82
10009,雲林縣,1000914,東勢鄉,同安村,117
10009,雲林縣,1000914,東勢鄉,新坤村,0
10009,雲林縣,1000914,東勢鄉,四美村,0
10009,雲林縣,1000914,東勢鄉,復興村,0
10009,雲林縣,1000914,東勢鄉,昌南村,343
10009,雲林縣,1000914,東勢鄉,總計,4921
10009,雲林縣,1000915,褒忠鄉,中勝村,23978
10009,雲林縣,1000915,褒忠鄉,埔姜村,22883
10009,雲林縣,1000915,褒忠鄉,有才村,13168
10009,雲林縣,1000915,褒忠鄉,龍岩村,15737
10009,雲林縣,1000915,褒忠鄉,田洋村,11057
10009,雲林縣,1000915,褒忠鄉,馬鳴村,19079
10009,雲林縣,1000915,褒忠鄉,中民村,38549
10009,雲林縣,1000915,褒忠鄉,潮厝村,12656
10009,雲林縣,1000915,褒忠鄉,新湖村,20462
10009,雲林縣,1000915,褒忠鄉,總計,177569
10009,雲林縣,1000916,臺西鄉,牛厝村,22237
10009,雲林縣,1000916,臺西鄉,和豐村,29362
10009,雲林縣,1000916,臺西鄉,五港村,7918
10009,雲林縣,1000916,臺西鄉,永豐村,15515
10009,雲林縣,1000916,臺西鄉,光華村,6830
10009,雲林縣,1000916,臺西鄉,海北村,12061
10009,雲林縣,1000916,臺西鄉,富琦村,3675
10009,雲林縣,1000916,臺西鄉,山寮村,77
10009,雲林縣,1000916,臺西鄉,蚊港村,64
10009,雲林縣,1000916,臺西鄉,五榔村,36
10009,雲林縣,1000916,臺西鄉,泉州村,5646
10009,雲林縣,1000916,臺西鄉,溪頂村,345
10009,雲林縣,1000916,臺西鄉,海南村,14013
10009,雲林縣,1000916,臺西鄉,海口村,1144
10009,雲林縣,1000916,臺西鄉,臺西村,2544
10009,雲林縣,1000916,臺西鄉,總計,121467
10009,雲林縣,1000917,元長鄉,下寮村,24133
10009,雲林縣,1000917,元長鄉,長北村,23635
10009,雲林縣,1000917,元長鄉,潭東村,7955
10009,雲林縣,1000917,元長鄉,五塊村,11175
10009,雲林縣,1000917,元長鄉,潭西村,9286
10009,雲林縣,1000917,元長鄉,後湖村,8140
10009,雲林縣,1000917,元長鄉,長南村,1542
10009,雲林縣,1000917,元長鄉,龍岩村,18125
10009,雲林縣,1000917,元長鄉,鹿南村,0
10009,雲林縣,1000917,元長鄉,瓦磘村,0
10009,雲林縣,1000917,元長鄉,內寮村,0
10009,雲林縣,1000917,元長鄉,崙仔村,0
10009,雲林縣,1000917,元長鄉,新吉村,0
10009,雲林縣,1000917,元長鄉,客厝村,0
10009,雲林縣,1000917,元長鄉,卓運村,18
10009,雲林縣,1000917,元長鄉,鹿北村,73
10009,雲林縣,1000917,元長鄉,子茂村,124
10009,雲林縣,1000917,元長鄉,山內村,12819
10009,雲林縣,1000917,元長鄉,合和村,15411
10009,雲林縣,1000917,元長鄉,頂寮村,16602
10009,雲林縣,1000917,元長鄉,西莊村,15361
10009,雲林縣,1000917,元長鄉,總計,164399
10009,雲林縣,1000918,四湖鄉,內湖村,10508
10009,雲林縣,1000918,四湖鄉,鹿場村,12062
10009,雲林縣,1000918,四湖鄉,湖西村,2053
10009,雲林縣,1000918,四湖鄉,湖寮村,9009
10009,雲林縣,1000918,四湖鄉,林東村,213
10009,雲林縣,1000918,四湖鄉,溪底村,8588
10009,雲林縣,1000918,四湖鄉,四湖村,1102
10009,雲林縣,1000918,四湖鄉,林厝村,41
10009,雲林縣,1000918,四湖鄉,蔡厝村,9965
10009,雲林縣,1000918,四湖鄉,施湖村,20
10009,雲林縣,1000918,四湖鄉,新庄村,0
10009,雲林縣,1000918,四湖鄉,羊調村,102
10009,雲林縣,1000918,四湖鄉,廣溝村,0
10009,雲林縣,1000918,四湖鄉,萡子村,10951
10009,雲林縣,1000918,四湖鄉,萡東村,7444
10009,雲林縣,1000918,四湖鄉,崙南村,201
10009,雲林縣,1000918,四湖鄉,崙北村,669
10009,雲林縣,1000918,四湖鄉,飛沙村,3901
10009,雲林縣,1000918,四湖鄉,飛東村,6444
10009,雲林縣,1000918,四湖鄉,三姓村,5035
10009,雲林縣,1000918,四湖鄉,溪尾村,10017
10009,雲林縣,1000918,四湖鄉,總計,98325
10009,雲林縣,1000919,口湖鄉,下崙村,22066
10009,雲林縣,1000919,口湖鄉,崙東村,19258
10009,雲林縣,1000919,口湖鄉,蚵寮村,17796
10009,雲林縣,1000919,口湖鄉,崙中村,18398
10009,雲林縣,1000919,口湖鄉,後厝村,7939
10009,雲林縣,1000919,口湖鄉,青蚶村,4666
10009,雲林縣,1000919,口湖鄉,過港村,5645
10009,雲林縣,1000919,口湖鄉,港東村,2050
10009,雲林縣,1000919,口湖鄉,湖東村,447
10009,雲林縣,1000919,口湖鄉,臺子村,10545
10009,雲林縣,1000919,口湖鄉,水井村,277
10009,雲林縣,1000919,口湖鄉,口湖村,550
10009,雲林縣,1000919,口湖鄉,成龍村,10412
10009,雲林縣,1000919,口湖鄉,港西村,41
10009,雲林縣,1000919,口湖鄉,謝厝村,202
10009,雲林縣,1000919,口湖鄉,梧北村,14735
10009,雲林縣,1000919,口湖鄉,湖口村,9973
10009,雲林縣,1000919,口湖鄉,埔南村,7086
10009,雲林縣,1000919,口湖鄉,頂湖村,1233
10009,雲林縣,1000919,口湖鄉,梧南村,19450
10009,雲林縣,1000919,口湖鄉,埔北村,10265
10009,雲林縣,1000919,口湖鄉,總計,183034
10009,雲林縣,1000920,水林鄉,大溝村,11238
10009,雲林縣,1000920,水林鄉,松西村,7338
10009,雲林縣,1000920,水林鄉,水南村,32019
10009,雲林縣,1000920,水林鄉,大山村,166
10009,雲林縣,1000920,水林鄉,蕃薯村,9961
10009,雲林縣,1000920,水林鄉,順興村,9176
10009,雲林縣,1000920,水林鄉,後寮村,7808
10009,雲林縣,1000920,水林鄉,山腳村,10268
10009,雲林縣,1000920,水林鄉,水北村,1301
10009,雲林縣,1000920,水林鄉,土厝村,261
10009,雲林縣,1000920,水林鄉,尖山村,8346
10009,雲林縣,1000920,水林鄉,灣西村,0
10009,雲林縣,1000920,水林鄉,萬興村,0
10009,雲林縣,1000920,水林鄉,海埔村,0
10009,雲林縣,1000920,水林鄉,西井村,0
10009,雲林縣,1000920,水林鄉,車港村,0
10009,雲林縣,1000920,水林鄉,瓊埔村,88
10009,雲林縣,1000920,水林鄉,塭底村,0
10009,雲林縣,1000920,水林鄉,春埔村,479
10009,雲林縣,1000920,水林鄉,灣東村,195
10009,雲林縣,1000920,水林鄉,溪墘村,9879
10009,雲林縣,1000920,水林鄉,蘇秦村,154
10009,雲林縣,1000920,水林鄉,松中村,6261
10009,雲林縣,1000920,水林鄉,松北村,13338
10009,雲林縣,1000920,水林鄉,總計,128276
10010,嘉義縣,1001001,太保市,麻寮里,65464
10010,嘉義縣,1001001,太保市,太保里,38378
10010,嘉義縣,1001001,太保市,田尾里,3342
10010,嘉義縣,1001001,太保市,後庄里,5794
10010,嘉義縣,1001001,太保市,北新里,397
10010,嘉義縣,1001001,太保市,港尾里,0
10010,嘉義縣,1001001,太保市,前潭里,0
10010,嘉義縣,1001001,太保市,梅埔里,0
10010,嘉義縣,1001001,太保市,春珠里,0
10010,嘉義縣,1001001,太保市,東勢里,0
10010,嘉義縣,1001001,太保市,後潭里,29
10010,嘉義縣,1001001,太保市,新埤里,16681
10010,嘉義縣,1001001,太保市,崙頂里,10678
10010,嘉義縣,1001001,太保市,南新里,1347
10010,嘉義縣,1001001,太保市,埤鄉里,754
10010,嘉義縣,1001001,太保市,安仁里,47235
10010,嘉義縣,1001001,太保市,舊埤里,32911
10010,嘉義縣,1001001,太保市,過溝里,44751
10010,嘉義縣,1001001,太保市,總計,267761
10010,嘉義縣,1001002,朴子市,永和里,41542
10010,嘉義縣,1001002,朴子市,竹圍里,80749
10010,嘉義縣,1001002,朴子市,文化里,38090
10010,嘉義縣,1001002,朴子市,安福里,5363
10010,嘉義縣,1001002,朴子市,中正里,14111
10010,嘉義縣,1001002,朴子市,大鄉里,2234
10010,嘉義縣,1001002,朴子市,順天里,9674
10010,嘉義縣,1001002,朴子市,平和里,2126
10010,嘉義縣,1001002,朴子市,新寮里,8268
10010,嘉義縣,1001002,朴子市,順安里,129
10010,嘉義縣,1001002,朴子市,南竹里,5454
10010,嘉義縣,1001002,朴子市,佳禾里,1
10010,嘉義縣,1001002,朴子市,崁後里,622
10010,嘉義縣,1001002,朴子市,德興里,32
10010,嘉義縣,1001002,朴子市,崁前里,1
10010,嘉義縣,1001002,朴子市,德家里,0
10010,嘉義縣,1001002,朴子市,新庄里,0
10010,嘉義縣,1001002,朴子市,双溪里,127
10010,嘉義縣,1001002,朴子市,溪口里,0
10010,嘉義縣,1001002,朴子市,內厝里,0
10010,嘉義縣,1001002,朴子市,開元里,2
10010,嘉義縣,1001002,朴子市,松華里,15480
10010,嘉義縣,1001002,朴子市,博厚里,10571
10010,嘉義縣,1001002,朴子市,梅華里,15135
10010,嘉義縣,1001002,朴子市,仁和里,22688
10010,嘉義縣,1001002,朴子市,竹村里,13007
10010,嘉義縣,1001002,朴子市,大葛里,38124
10010,嘉義縣,1001002,朴子市,總計,323530
10010,嘉義縣,1001003,布袋鎮,龍江里,13557
10010,嘉義縣,1001003,布袋鎮,好美里,9168
10010,嘉義縣,1001003,布袋鎮,岑海里,37314
10010,嘉義縣,1001003,布袋鎮,中安里,628
10010,嘉義縣,1001003,布袋鎮,復興里,31325
10010,嘉義縣,1001003,布袋鎮,光復里,3441
10010,嘉義縣,1001003,布袋鎮,新民里,12643
10010,嘉義縣,1001003,布袋鎮,見龍里,12567
10010,嘉義縣,1001003,布袋鎮,永安里,17959
10010,嘉義縣,1001003,布袋鎮,振寮里,10383
10010,嘉義縣,1001003,布袋鎮,新厝里,8506
10010,嘉義縣,1001003,布袋鎮,興中里,238
10010,嘉義縣,1001003,布袋鎮,菜舖里,4405
10010,嘉義縣,1001003,布袋鎮,考試里,3511
10010,嘉義縣,1001003,布袋鎮,貴舍里,621
10010,嘉義縣,1001003,布袋鎮,岱江里,13
10010,嘉義縣,1001003,布袋鎮,九龍里,18
10010,嘉義縣,1001003,布袋鎮,西安里,0
10010,嘉義縣,1001003,布袋鎮,東安里,0
10010,嘉義縣,1001003,布袋鎮,樹林里,4097
10010,嘉義縣,1001003,布袋鎮,江山里,2775
10010,嘉義縣,1001003,布袋鎮,東港里,26311
10010,嘉義縣,1001003,布袋鎮,新岑里,10101
10010,嘉義縣,1001003,布袋鎮,總計,209581
10010,嘉義縣,1001004,大林鎮,中坑里,17336
10010,嘉義縣,1001004,大林鎮,西林里,25759
10010,嘉義縣,1001004,大林鎮,明和里,23638
10010,嘉義縣,1001004,大林鎮,平林里,34803
10010,嘉義縣,1001004,大林鎮,大美里,18814
10010,嘉義縣,1001004,大林鎮,西結里,8930
10010,嘉義縣,1001004,大林鎮,湖北里,8931
10010,嘉義縣,1001004,大林鎮,大糖里,3931
10010,嘉義縣,1001004,大林鎮,內林里,7983
10010,嘉義縣,1001004,大林鎮,三和里,1372
10010,嘉義縣,1001004,大林鎮,三村里,11455
10010,嘉義縣,1001004,大林鎮,東林里,5479
10010,嘉義縣,1001004,大林鎮,排路里,14290
10010,嘉義縣,1001004,大林鎮,義和里,33
10010,嘉義縣,1001004,大林鎮,上林里,0
10010,嘉義縣,1001004,大林鎮,中林里,138
10010,嘉義縣,1001004,大林鎮,吉林里,225
10010,嘉義縣,1001004,大林鎮,過溪里,18387
10010,嘉義縣,1001004,大林鎮,溝背里,13901
10010,嘉義縣,1001004,大林鎮,三角里,11302
10010,嘉義縣,1001004,大林鎮,明華里,18212
10010,嘉義縣,1001004,大林鎮,總計,244919
10010,嘉義縣,1001005,民雄鄉,三興村,44787
10010,嘉義縣,1001005,民雄鄉,興南村,36377
10010,嘉義縣,1001005,民雄鄉,西安村,3455
10010,嘉義縣,1001005,民雄鄉,東榮村,15169
10010,嘉義縣,1001005,民雄鄉,菁埔村,21871
10010,嘉義縣,1001005,民雄鄉,西昌村,10430
10010,嘉義縣,1001005,民雄鄉,福興村,36518
10010,嘉義縣,1001005,民雄鄉,松山村,3093
10010,嘉義縣,1001005,民雄鄉,頂崙村,10631
10010,嘉義縣,1001005,民雄鄉,中央村,15670
10010,嘉義縣,1001005,民雄鄉,秀林村,4852
10010,嘉義縣,1001005,民雄鄉,福樂村,8494
10010,嘉義縣,1001005,民雄鄉,興中村,30286
10010,嘉義縣,1001005,民雄鄉,平和村,6671
10010,嘉義縣,1001005,民雄鄉,東興村,211
10010,嘉義縣,1001005,民雄鄉,東湖村,17104
10010,嘉義縣,1001005,民雄鄉,福權村,20418
10010,嘉義縣,1001005,民雄鄉,中和村,40
10010,嘉義縣,1001005,民雄鄉,北斗村,19360
10010,嘉義縣,1001005,民雄鄉,中樂村,2396
10010,嘉義縣,1001005,民雄鄉,金興村,45318
10010,嘉義縣,1001005,民雄鄉,寮頂村,20338
10010,嘉義縣,1001005,民雄鄉,鎮北村,12479
10010,嘉義縣,1001005,民雄鄉,山中村,44927
10010,嘉義縣,1001005,民雄鄉,大崎村,2221
10010,嘉義縣,1001005,民雄鄉,文隆村,70687
10010,嘉義縣,1001005,民雄鄉,双福村,8925
10010,嘉義縣,1001005,民雄鄉,豊收村,2299
10010,嘉義縣,1001005,民雄鄉,總計,515027
10010,嘉義縣,1001006,溪口鄉,林腳村,9115
10010,嘉義縣,1001006,溪口鄉,本厝村,11408
10010,嘉義縣,1001006,溪口鄉,坪頂村,7672
10010,嘉義縣,1001006,溪口鄉,游西村,7675
10010,嘉義縣,1001006,溪口鄉,溪北村,454
10010,嘉義縣,1001006,溪口鄉,游東村,13517
10010,嘉義縣,1001006,溪口鄉,柴林村,10402
10010,嘉義縣,1001006,溪口鄉,妙崙村,177
10010,嘉義縣,1001006,溪口鄉,柳溝村,104
10010,嘉義縣,1001006,溪口鄉,溪東村,84
10010,嘉義縣,1001006,溪口鄉,疊溪村,39
10010,嘉義縣,1001006,溪口鄉,溪西村,0
10010,嘉義縣,1001006,溪口鄉,美南村,0
10010,嘉義縣,1001006,溪口鄉,美北村,248
10010,嘉義縣,1001006,溪口鄉,總計,60895
10010,嘉義縣,1001007,新港鄉,月眉村,23727
10010,嘉義縣,1001007,新港鄉,宮後村,953
10010,嘉義縣,1001007,新港鄉,中庄村,165
10010,嘉義縣,1001007,新港鄉,北崙村,5707
10010,嘉義縣,1001007,新港鄉,西庄村,10531
10010,嘉義縣,1001007,新港鄉,板頭村,44
10010,嘉義縣,1001007,新港鄉,埤子村,6572
10010,嘉義縣,1001007,新港鄉,古民村,0
10010,嘉義縣,1001007,新港鄉,海瀛村,0
10010,嘉義縣,1001007,新港鄉,溪北村,0
10010,嘉義縣,1001007,新港鄉,三間村,0
10010,嘉義縣,1001007,新港鄉,中洋村,0
10010,嘉義縣,1001007,新港鄉,共和村,0
10010,嘉義縣,1001007,新港鄉,潭大村,0
10010,嘉義縣,1001007,新港鄉,菜公村,255
10010,嘉義縣,1001007,新港鄉,安和村,12315
10010,嘉義縣,1001007,新港鄉,南崙村,11587
10010,嘉義縣,1001007,新港鄉,月潭村,20648
10010,嘉義縣,1001007,新港鄉,大潭村,21411
10010,嘉義縣,1001007,新港鄉,大興村,17777
10010,嘉義縣,1001007,新港鄉,南港村,17370
10010,嘉義縣,1001007,新港鄉,福德村,6899
10010,嘉義縣,1001007,新港鄉,宮前村,44373
10010,嘉義縣,1001007,新港鄉,總計,200334
10010,嘉義縣,1001008,六腳鄉,竹本村,9055
10010,嘉義縣,1001008,六腳鄉,六斗村,15317
10010,嘉義縣,1001008,六腳鄉,豐美村,14625
10010,嘉義縣,1001008,六腳鄉,工廠村,727
10010,嘉義縣,1001008,六腳鄉,永賢村,3805
10010,嘉義縣,1001008,六腳鄉,魚寮村,7299
10010,嘉義縣,1001008,六腳鄉,蒜頭村,1054
10010,嘉義縣,1001008,六腳鄉,正義村,121
10010,嘉義縣,1001008,六腳鄉,崩山村,8532
10010,嘉義縣,1001008,六腳鄉,港美村,9577
10010,嘉義縣,1001008,六腳鄉,蘇厝村,24944
10010,嘉義縣,1001008,六腳鄉,六腳村,342
10010,嘉義縣,1001008,六腳鄉,六南村,0
10010,嘉義縣,1001008,六腳鄉,溪厝村,0
10010,嘉義縣,1001008,六腳鄉,蒜東村,0
10010,嘉義縣,1001008,六腳鄉,蒜南村,245
10010,嘉義縣,1001008,六腳鄉,塗師村,0
10010,嘉義縣,1001008,六腳鄉,灣南村,0
10010,嘉義縣,1001008,六腳鄉,灣北村,0
10010,嘉義縣,1001008,六腳鄉,崙陽村,13622
10010,嘉義縣,1001008,六腳鄉,更寮村,65
10010,嘉義縣,1001008,六腳鄉,古林村,23
10010,嘉義縣,1001008,六腳鄉,潭墘村,291
10010,嘉義縣,1001008,六腳鄉,雙涵村,8988
10010,嘉義縣,1001008,六腳鄉,三義村,10875
10010,嘉義縣,1001008,六腳鄉,總計,129507
10010,嘉義縣,1001009,東石鄉,東石村,4207
10010,嘉義縣,1001009,東石鄉,三家村,13784
10010,嘉義縣,1001009,東石鄉,溪下村,8218
10010,嘉義縣,1001009,東石鄉,龍港村,8425
10010,嘉義縣,1001009,東石鄉,鰲鼓村,11875
10010,嘉義縣,1001009,東石鄉,下揖村,5547
10010,嘉義縣,1001009,東石鄉,海埔村,2573
10010,嘉義縣,1001009,東石鄉,港墘村,18522
10010,嘉義縣,1001009,東石鄉,港口村,2964
10010,嘉義縣,1001009,東石鄉,副瀨村,10377
10010,嘉義縣,1001009,東石鄉,網寮村,139
10010,嘉義縣,1001009,東石鄉,頂揖村,1655
10010,嘉義縣,1001009,東石鄉,永屯村,9883
10010,嘉義縣,1001009,東石鄉,圍潭村,5726
10010,嘉義縣,1001009,東石鄉,東崙村,0
10010,嘉義縣,1001009,東石鄉,塭仔村,0
10010,嘉義縣,1001009,東石鄉,掌潭村,137
10010,嘉義縣,1001009,東石鄉,猿樹村,489
10010,嘉義縣,1001009,東石鄉,塭港村,364
10010,嘉義縣,1001009,東石鄉,型厝村,232
10010,嘉義縣,1001009,東石鄉,西崙村,671
10010,嘉義縣,1001009,東石鄉,蔦松村,13981
10010,嘉義縣,1001009,東石鄉,洲仔村,11154
10010,嘉義縣,1001009,東石鄉,總計,130923
10010,嘉義縣,1001010,義竹鄉,六桂村,396
10010,嘉義縣,1001010,義竹鄉,西過村,8292
10010,嘉義縣,1001010,義竹鄉,新富村,4877
10010,嘉義縣,1001010,義竹鄉,龍蛟村,5765
10010,嘉義縣,1001010,義竹鄉,東光村,508
10010,嘉義縣,1001010,義竹鄉,官和村,9321
10010,嘉義縣,1001010,義竹鄉,官順村,5050
10010,嘉義縣,1001010,義竹鄉,傳芳村,8875
10010,嘉義縣,1001010,義竹鄉,中平村,247
10010,嘉義縣,1001010,義竹鄉,義竹村,58
10010,嘉義縣,1001010,義竹鄉,仁里村,383
10010,嘉義縣,1001010,義竹鄉,東榮村,3
10010,嘉義縣,1001010,義竹鄉,新店村,239
10010,嘉義縣,1001010,義竹鄉,北華村,0
10010,嘉義縣,1001010,義竹鄉,溪洲村,2
10010,嘉義縣,1001010,義竹鄉,五厝村,29
10010,嘉義縣,1001010,義竹鄉,東過村,7884
10010,嘉義縣,1001010,義竹鄉,頭竹村,15196
10010,嘉義縣,1001010,義竹鄉,埤前村,513
10010,嘉義縣,1001010,義竹鄉,平溪村,5783
10010,嘉義縣,1001010,義竹鄉,後鎮村,5381
10010,嘉義縣,1001010,義竹鄉,岸腳村,8555
10010,嘉義縣,1001010,義竹鄉,總計,87357
10010,嘉義縣,1001011,鹿草鄉,鹿草村,19120
10010,嘉義縣,1001011,鹿草鄉,重寮村,417
10010,嘉義縣,1001011,鹿草鄉,鹿東村,7050
10010,嘉義縣,1001011,鹿草鄉,後寮村,4551
10010,嘉義縣,1001011,鹿草鄉,松竹村,9524
10010,嘉義縣,1001011,鹿草鄉,三角村,169
10010,嘉義縣,1001011,鹿草鄉,西井村,1409
10010,嘉義縣,1001011,鹿草鄉,後堀村,492
10010,嘉義縣,1001011,鹿草鄉,碧潭村,151
10010,嘉義縣,1001011,鹿草鄉,下麻村,23
10010,嘉義縣,1001011,鹿草鄉,下潭村,7
10010,嘉義縣,1001011,鹿草鄉,施家村,0
10010,嘉義縣,1001011,鹿草鄉,光潭村,203
10010,嘉義縣,1001011,鹿草鄉,竹山村,9654
10010,嘉義縣,1001011,鹿草鄉,豊稠村,16235
10010,嘉義縣,1001011,鹿草鄉,總計,69005
10010,嘉義縣,1001012,水上鄉,中庄村,21335
10010,嘉義縣,1001012,水上鄉,下寮村,7614
10010,嘉義縣,1001012,水上鄉,水頭村,43787
10010,嘉義縣,1001012,水上鄉,柳新村,13572
10010,嘉義縣,1001012,水上鄉,三和村,988
10010,嘉義縣,1001012,水上鄉,三界村,13683
10010,嘉義縣,1001012,水上鄉,三鎮村,534
10010,嘉義縣,1001012,水上鄉,靖和村,2253
10010,嘉義縣,1001012,水上鄉,回歸村,112
10010,嘉義縣,1001012,水上鄉,寬士村,270
10010,嘉義縣,1001012,水上鄉,塗溝村,73
10010,嘉義縣,1001012,水上鄉,大堀村,0
10010,嘉義縣,1001012,水上鄉,南和村,0
10010,嘉義縣,1001012,水上鄉,民生村,0
10010,嘉義縣,1001012,水上鄉,溪洲村,1
10010,嘉義縣,1001012,水上鄉,內溪村,0
10010,嘉義縣,1001012,水上鄉,粗溪村,26
10010,嘉義縣,1001012,水上鄉,大崙村,224
10010,嘉義縣,1001012,水上鄉,南鄉村,12016
10010,嘉義縣,1001012,水上鄉,忠和村,39857
10010,嘉義縣,1001012,水上鄉,水上村,3032
10010,嘉義縣,1001012,水上鄉,國姓村,16138
10010,嘉義縣,1001012,水上鄉,柳林村,38452
10010,嘉義縣,1001012,水上鄉,義興村,13563
10010,嘉義縣,1001012,水上鄉,柳鄉村,29372
10010,嘉義縣,1001012,水上鄉,龍德村,3286
10010,嘉義縣,1001012,水上鄉,總計,260188
10010,嘉義縣,1001013,中埔鄉,富收村,14467
10010,嘉義縣,1001013,中埔鄉,隆興村,23682
10010,嘉義縣,1001013,中埔鄉,社口村,17072
10010,嘉義縣,1001013,中埔鄉,和睦村,6051
10010,嘉義縣,1001013,中埔鄉,和興村,21215
10010,嘉義縣,1001013,中埔鄉,龍門村,5167
10010,嘉義縣,1001013,中埔鄉,深坑村,5524
10010,嘉義縣,1001013,中埔鄉,中埔村,2800
10010,嘉義縣,1001013,中埔鄉,裕民村,592
10010,嘉義縣,1001013,中埔鄉,三層村,441
10010,嘉義縣,1001013,中埔鄉,瑞豐村,0
10010,嘉義縣,1001013,中埔鄉,沄水村,0
10010,嘉義縣,1001013,中埔鄉,灣潭村,0
10010,嘉義縣,1001013,中埔鄉,石硦村,131
10010,嘉義縣,1001013,中埔鄉,頂埔村,0
10010,嘉義縣,1001013,中埔鄉,塩館村,0
10010,嘉義縣,1001013,中埔鄉,東興村,0
10010,嘉義縣,1001013,中埔鄉,中崙村,0
10010,嘉義縣,1001013,中埔鄉,同仁村,345
10010,嘉義縣,1001013,中埔鄉,義仁村,10506
10010,嘉義縣,1001013,中埔鄉,金蘭村,19996
10010,嘉義縣,1001013,中埔鄉,和美村,131310
10010,嘉義縣,1001013,中埔鄉,總計,259299
10010,嘉義縣,1001014,竹崎鄉,鹿滿村,926
10010,嘉義縣,1001014,竹崎鄉,灣橋村,17536
10010,嘉義縣,1001014,竹崎鄉,竹崎村,18690
10010,嘉義縣,1001014,竹崎鄉,內埔村,722
10010,嘉義縣,1001014,竹崎鄉,獅埜村,7847
10010,嘉義縣,1001014,竹崎鄉,龍山村,13787
10010,嘉義縣,1001014,竹崎鄉,中和村,48
10010,嘉義縣,1001014,竹崎鄉,和平村,30896
10010,嘉義縣,1001014,竹崎鄉,紫雲村,8364
10010,嘉義縣,1001014,竹崎鄉,緞繻村,0
10010,嘉義縣,1001014,竹崎鄉,仁壽村,0
10010,嘉義縣,1001014,竹崎鄉,光華村,0
10010,嘉義縣,1001014,竹崎鄉,坑頭村,1027
10010,嘉義縣,1001014,竹崎鄉,文峯村,0
10010,嘉義縣,1001014,竹崎鄉,金獅村,0
10010,嘉義縣,1001014,竹崎鄉,昇平村,156
10010,嘉義縣,1001014,竹崎鄉,白杞村,0
10010,嘉義縣,1001014,竹崎鄉,桃源村,0
10010,嘉義縣,1001014,竹崎鄉,塘興村,3363
10010,嘉義縣,1001014,竹崎鄉,義隆村,947
10010,嘉義縣,1001014,竹崎鄉,復金村,7453
10010,嘉義縣,1001014,竹崎鄉,沙坑村,2591
10010,嘉義縣,1001014,竹崎鄉,義仁村,9589
10010,嘉義縣,1001014,竹崎鄉,義和村,7776
10010,嘉義縣,1001014,竹崎鄉,總計,131718
10010,嘉義縣,1001015,梅山鄉,梅東村,28619
10010,嘉義縣,1001015,梅山鄉,梅南村,12923
10010,嘉義縣,1001015,梅山鄉,梅北村,74076
10010,嘉義縣,1001015,梅山鄉,永興村,3369
10010,嘉義縣,1001015,梅山鄉,過山村,3725
10010,嘉義縣,1001015,梅山鄉,圳北村,359
10010,嘉義縣,1001015,梅山鄉,半天村,0
10010,嘉義縣,1001015,梅山鄉,圳南村,0
10010,嘉義縣,1001015,梅山鄉,双溪村,323
10010,嘉義縣,1001015,梅山鄉,安靖村,0
10010,嘉義縣,1001015,梅山鄉,太平村,0
10010,嘉義縣,1001015,梅山鄉,碧湖村,0
10010,嘉義縣,1001015,梅山鄉,太興村,0
10010,嘉義縣,1001015,梅山鄉,瑞双村,0
10010,嘉義縣,1001015,梅山鄉,瑞里村,0
10010,嘉義縣,1001015,梅山鄉,太和村,0
10010,嘉義縣,1001015,梅山鄉,龍眼村,0
10010,嘉義縣,1001015,梅山鄉,大南村,3737
10010,嘉義縣,1001015,梅山鄉,總計,127131
10010,嘉義縣,1001016,番路鄉,新福村,3153
10010,嘉義縣,1001016,番路鄉,下坑村,27212
10010,嘉義縣,1001016,番路鄉,民和村,3257
10010,嘉義縣,1001016,番路鄉,觸口村,0
10010,嘉義縣,1001016,番路鄉,大湖村,0
10010,嘉義縣,1001016,番路鄉,公田村,0
10010,嘉義縣,1001016,番路鄉,公興村,0
10010,嘉義縣,1001016,番路鄉,草山村,0
10010,嘉義縣,1001016,番路鄉,番路村,7007
10010,嘉義縣,1001016,番路鄉,江西村,12335
10010,嘉義縣,1001016,番路鄉,內甕村,900
10010,嘉義縣,1001016,番路鄉,總計,53864
10010,嘉義縣,1001017,大埔鄉,永樂村,0
10010,嘉義縣,1001017,大埔鄉,西興村,0
10010,嘉義縣,1001017,大埔鄉,和平村,2567
10010,嘉義縣,1001017,大埔鄉,茄苳村,3360
10010,嘉義縣,1001017,大埔鄉,大埔村,16527
10010,嘉義縣,1001017,大埔鄉,總計,22454
10010,嘉義縣,1001018,阿里山鄉,中山村,1453
10010,嘉義縣,1001018,阿里山鄉,中正村,5212
10010,嘉義縣,1001018,阿里山鄉,香林村,2092
10010,嘉義縣,1001018,阿里山鄉,十字村,0
10010,嘉義縣,1001018,阿里山鄉,來吉村,0
10010,嘉義縣,1001018,阿里山鄉,豐山村,0
10010,嘉義縣,1001018,阿里山鄉,達邦村,156
10010,嘉義縣,1001018,阿里山鄉,樂野村,295
10010,嘉義縣,1001018,阿里山鄉,里佳村,0
10010,嘉義縣,1001018,阿里山鄉,山美村,0
10010,嘉義縣,1001018,阿里山鄉,新美村,0
10010,嘉義縣,1001018,阿里山鄉,茶山村,0
10010,嘉義縣,1001018,阿里山鄉,總計,9208
10013,屏東縣,1001301,屏東市,華山里,11277
10013,屏東縣,1001301,屏東市,大武里,135171
10013,屏東縣,1001301,屏東市,端正里,19105
10013,屏東縣,1001301,屏東市,興樂里,13106
10013,屏東縣,1001301,屏東市,永安里,99104
10013,屏東縣,1001301,屏東市,勝利里,6602
10013,屏東縣,1001301,屏東市,鵬程里,7723
10013,屏東縣,1001301,屏東市,大同里,13439
10013,屏東縣,1001301,屏東市,平和里,16260
10013,屏東縣,1001301,屏東市,厚生里,40666
10013,屏東縣,1001301,屏東市,永光里,12225
10013,屏東縣,1001301,屏東市,崇武里,55403
10013,屏東縣,1001301,屏東市,瑞光里,61840
10013,屏東縣,1001301,屏東市,凌雲里,4587
10013,屏東縣,1001301,屏東市,安鎮里,26743
10013,屏東縣,1001301,屏東市,文明里,8182
10013,屏東縣,1001301,屏東市,扶風里,5493
10013,屏東縣,1001301,屏東市,光華里,8781
10013,屏東縣,1001301,屏東市,崇智里,9101
10013,屏東縣,1001301,屏東市,明正里,687
10013,屏東縣,1001301,屏東市,金泉里,15437
10013,屏東縣,1001301,屏東市,崇禮里,6183
10013,屏東縣,1001301,屏東市,泰安里,4303
10013,屏東縣,1001301,屏東市,楠樹里,4422
10013,屏東縣,1001301,屏東市,慶春里,7100
10013,屏東縣,1001301,屏東市,永順里,3045
10013,屏東縣,1001301,屏東市,新生里,66365
10013,屏東縣,1001301,屏東市,安樂里,11780
10013,屏東縣,1001301,屏東市,長安里,16067
10013,屏東縣,1001301,屏東市,溝美里,5275
10013,屏東縣,1001301,屏東市,永昌里,2353
10013,屏東縣,1001301,屏東市,光榮里,9602
10013,屏東縣,1001301,屏東市,北興里,1841
10013,屏東縣,1001301,屏東市,民權里,10376
10013,屏東縣,1001301,屏東市,豐榮里,358
10013,屏東縣,1001301,屏東市,建國里,17863
10013,屏東縣,1001301,屏東市,擇仁里,10896
10013,屏東縣,1001301,屏東市,勝豐里,4441
10013,屏東縣,1001301,屏東市,大連里,1683
10013,屏東縣,1001301,屏東市,仁愛里,424
10013,屏東縣,1001301,屏東市,武廟里,11611
10013,屏東縣,1001301,屏東市,崇蘭里,1134
10013,屏東縣,1001301,屏東市,永城里,233
10013,屏東縣,1001301,屏東市,潭墘里,164
10013,屏東縣,1001301,屏東市,廣興里,152
10013,屏東縣,1001301,屏東市,三山里,42
10013,屏東縣,1001301,屏東市,頂柳里,59
10013,屏東縣,1001301,屏東市,大埔里,10693
10013,屏東縣,1001301,屏東市,北勢里,1197
10013,屏東縣,1001301,屏東市,太平里,1368
10013,屏東縣,1001301,屏東市,斯文里,62
10013,屏東縣,1001301,屏東市,豐田里,433
10013,屏東縣,1001301,屏東市,大湖里,0
10013,屏東縣,1001301,屏東市,湖南里,596
10013,屏東縣,1001301,屏東市,海豐里,0
10013,屏東縣,1001301,屏東市,仁義里,0
10013,屏東縣,1001301,屏東市,信和里,0
10013,屏東縣,1001301,屏東市,維新里,417
10013,屏東縣,1001301,屏東市,歸心里,159
10013,屏東縣,1001301,屏東市,玉成里,847
10013,屏東縣,1001301,屏東市,豐源里,74
10013,屏東縣,1001301,屏東市,龍華里,2917
10013,屏東縣,1001301,屏東市,頂宅里,447
10013,屏東縣,1001301,屏東市,和興里,1773
10013,屏東縣,1001301,屏東市,公館里,1271
10013,屏東縣,1001301,屏東市,空翔里,5178
10013,屏東縣,1001301,屏東市,中正里,972
10013,屏東縣,1001301,屏東市,必信里,8274
10013,屏東縣,1001301,屏東市,湖西里,2305
10013,屏東縣,1001301,屏東市,前進里,34942
10013,屏東縣,1001301,屏東市,萬年里,7606
10013,屏東縣,1001301,屏東市,新興里,15287
10013,屏東縣,1001301,屏東市,橋北里,10742
10013,屏東縣,1001301,屏東市,橋南里,16523
10013,屏東縣,1001301,屏東市,長春里,24236
10013,屏東縣,1001301,屏東市,大洲里,11991
10013,屏東縣,1001301,屏東市,清溪里,79540
10013,屏東縣,1001301,屏東市,一心里,25177
10013,屏東縣,1001301,屏東市,義勇里,17324
10013,屏東縣,1001301,屏東市,總計,1051055
10013,屏東縣,1001302,潮州鎮,四春里,5847
10013,屏東縣,1001302,潮州鎮,九塊里,30
10013,屏東縣,1001302,潮州鎮,泗林里,0
10013,屏東縣,1001302,潮州鎮,潮州里,0
10013,屏東縣,1001302,潮州鎮,同榮里,0
10013,屏東縣,1001302,潮州鎮,新榮里,0
10013,屏東縣,1001302,潮州鎮,新生里,0
10013,屏東縣,1001302,潮州鎮,光華里,0
10013,屏東縣,1001302,潮州鎮,彭城里,0
10013,屏東縣,1001302,潮州鎮,三星里,0
10013,屏東縣,1001302,潮州鎮,三共里,0
10013,屏東縣,1001302,潮州鎮,三和里,0
10013,屏東縣,1001302,潮州鎮,五魁里,0
10013,屏東縣,1001302,潮州鎮,蓬萊里,0
10013,屏東縣,1001302,潮州鎮,八爺里,0
10013,屏東縣,1001302,潮州鎮,永春里,0
10013,屏東縣,1001302,潮州鎮,富春里,0
10013,屏東縣,1001302,潮州鎮,光春里,0
10013,屏東縣,1001302,潮州鎮,興美里,0
10013,屏東縣,1001302,潮州鎮,檨子里,0
10013,屏東縣,1001302,潮州鎮,崙東里,2538
10013,屏東縣,1001302,潮州鎮,總計,8415
10013,屏東縣,1001303,東港鎮,朝安里,4001
10013,屏東縣,1001303,東港鎮,新勝里,2740
10013,屏東縣,1001303,東港鎮,盛漁里,21038
10013,屏東縣,1001303,東港鎮,興東里,71074
10013,屏東縣,1001303,東港鎮,豐漁里,15324
10013,屏東縣,1001303,東港鎮,共和里,894
10013,屏東縣,1001303,東港鎮,頂新里,141
10013,屏東縣,1001303,東港鎮,八德里,11
10013,屏東縣,1001303,東港鎮,東隆里,0
10013,屏東縣,1001303,東港鎮,頂中里,0
10013,屏東縣,1001303,東港鎮,東和里,0
10013,屏東縣,1001303,東港鎮,興台里,7482
10013,屏東縣,1001303,東港鎮,中興里,0
10013,屏東縣,1001303,東港鎮,興農里,0
10013,屏東縣,1001303,東港鎮,興和里,0
10013,屏東縣,1001303,東港鎮,下廍里,0
10013,屏東縣,1001303,東港鎮,南平里,17089
10013,屏東縣,1001303,東港鎮,大鵬里,4836
10013,屏東縣,1001303,東港鎮,嘉蓮里,25460
10013,屏東縣,1001303,東港鎮,興漁里,26764
10013,屏東縣,1001303,東港鎮,鎮海里,41700
10013,屏東縣,1001303,東港鎮,大潭里,20924
10013,屏東縣,1001303,東港鎮,船頭里,63127
10013,屏東縣,1001303,東港鎮,總計,322605
10013,屏東縣,1001304,恆春鎮,墾丁里,103927
10013,屏東縣,1001304,恆春鎮,水泉里,700
10013,屏東縣,1001304,恆春鎮,大光里,2667
10013,屏東縣,1001304,恆春鎮,龍水里,50
10013,屏東縣,1001304,恆春鎮,德和里,6636
10013,屏東縣,1001304,恆春鎮,頭溝里,4974
10013,屏東縣,1001304,恆春鎮,茄湖里,2320
10013,屏東縣,1001304,恆春鎮,城西里,1151
10013,屏東縣,1001304,恆春鎮,仁壽里,8238
10013,屏東縣,1001304,恆春鎮,網紗里,4081
10013,屏東縣,1001304,恆春鎮,城北里,11392
10013,屏東縣,1001304,恆春鎮,四溝里,10047
10013,屏東縣,1001304,恆春鎮,城南里,10143
10013,屏東縣,1001304,恆春鎮,鵝鑾里,27494
10013,屏東縣,1001304,恆春鎮,山海里,8562
10013,屏東縣,1001304,恆春鎮,南灣里,52898
10013,屏東縣,1001304,恆春鎮,山腳里,82402
10013,屏東縣,1001304,恆春鎮,總計,337682
10013,屏東縣,1001305,萬丹鄉,香社村,459
10013,屏東縣,1001305,萬丹鄉,後村村,279
10013,屏東縣,1001305,萬丹鄉,新鐘村,0
10013,屏東縣,1001305,萬丹鄉,興全村,0
10013,屏東縣,1001305,萬丹鄉,興安村,0
10013,屏東縣,1001305,萬丹鄉,水仙村,0
10013,屏東縣,1001305,萬丹鄉,甘棠村,0
10013,屏東縣,1001305,萬丹鄉,萬安村,0
10013,屏東縣,1001305,萬丹鄉,萬惠村,0
10013,屏東縣,1001305,萬丹鄉,萬全村,0
10013,屏東縣,1001305,萬丹鄉,萬後村,0
10013,屏東縣,1001305,萬丹鄉,萬生村,0
10013,屏東縣,1001305,萬丹鄉,寶厝村,0
10013,屏東縣,1001305,萬丹鄉,四維村,0
10013,屏東縣,1001305,萬丹鄉,竹林村,0
10013,屏東縣,1001305,萬丹鄉,廣安村,0
10013,屏東縣,1001305,萬丹鄉,水泉村,0
10013,屏東縣,1001305,萬丹鄉,新庄村,0
10013,屏東縣,1001305,萬丹鄉,灣內村,163
10013,屏東縣,1001305,萬丹鄉,上村村,2055
10013,屏東縣,1001305,萬丹鄉,加興村,3435
10013,屏東縣,1001305,萬丹鄉,廈南村,5057
10013,屏東縣,1001305,萬丹鄉,田厝村,1322
10013,屏東縣,1001305,萬丹鄉,磚寮村,3307
10013,屏東縣,1001305,萬丹鄉,崙頂村,13287
10013,屏東縣,1001305,萬丹鄉,社口村,4637
10013,屏東縣,1001305,萬丹鄉,社上村,3693
10013,屏東縣,1001305,萬丹鄉,社中村,8538
10013,屏東縣,1001305,萬丹鄉,廈北村,3050
10013,屏東縣,1001305,萬丹鄉,社皮村,11624
10013,屏東縣,1001305,萬丹鄉,總計,60906
10013,屏東縣,1001306,長治鄉,榮華村,6061
10013,屏東縣,1001306,長治鄉,復興村,2772
10013,屏東縣,1001306,長治鄉,崙上村,0
10013,屏東縣,1001306,長治鄉,德榮村,0
10013,屏東縣,1001306,長治鄉,德和村,0
10013,屏東縣,1001306,長治鄉,繁華村,0
10013,屏東縣,1001306,長治鄉,繁昌村,0
10013,屏東縣,1001306,長治鄉,繁榮村,0
10013,屏東縣,1001306,長治鄉,繁隆村,0
10013,屏東縣,1001306,長治鄉,長興村,0
10013,屏東縣,1001306,長治鄉,德成村,0
10013,屏東縣,1001306,長治鄉,德協村,0
10013,屏東縣,1001306,長治鄉,進興村,55
10013,屏東縣,1001306,長治鄉,新潭村,0
10013,屏東縣,1001306,長治鄉,潭頭村,0
10013,屏東縣,1001306,長治鄉,香楊村,7521
10013,屏東縣,1001306,長治鄉,總計,16409
10013,屏東縣,1001307,麟洛鄉,麟蹄村,20844
10013,屏東縣,1001307,麟洛鄉,麟趾村,66
10013,屏東縣,1001307,麟洛鄉,田中村,0
10013,屏東縣,1001307,麟洛鄉,田心村,0
10013,屏東縣,1001307,麟洛鄉,田道村,0
10013,屏東縣,1001307,麟洛鄉,新田村,0
10013,屏東縣,1001307,麟洛鄉,麟頂村,0
10013,屏東縣,1001307,麟洛鄉,總計,20910
10013,屏東縣,1001308,九如鄉,九清村,0
10013,屏東縣,1001308,九如鄉,九塊村,0
10013,屏東縣,1001308,九如鄉,九明村,0
10013,屏東縣,1001308,九如鄉,玉水村,0
10013,屏東縣,1001308,九如鄉,大坵村,0
10013,屏東縣,1001308,九如鄉,三塊村,0
10013,屏東縣,1001308,九如鄉,後庄村,0
10013,屏東縣,1001308,九如鄉,耆老村,0
10013,屏東縣,1001308,九如鄉,洽興村,0
10013,屏東縣,1001308,九如鄉,東寧村,0
10013,屏東縣,1001308,九如鄉,玉泉村,0
10013,屏東縣,1001308,九如鄉,總計,--
10013,屏東縣,1001309,里港鄉,玉田村,0
10013,屏東縣,1001309,里港鄉,大平村,0
10013,屏東縣,1001309,里港鄉,永春村,0
10013,屏東縣,1001309,里港鄉,春林村,0
10013,屏東縣,1001309,里港鄉,過江村,0
10013,屏東縣,1001309,里港鄉,鐵店村,0
10013,屏東縣,1001309,里港鄉,塔樓村,0
10013,屏東縣,1001309,里港鄉,潮厝村,0
10013,屏東縣,1001309,里港鄉,茄苳村,0
10013,屏東縣,1001309,里港鄉,載興村,0
10013,屏東縣,1001309,里港鄉,土庫村,0
10013,屏東縣,1001309,里港鄉,三廍村,0
10013,屏東縣,1001309,里港鄉,中和村,0
10013,屏東縣,1001309,里港鄉,瀰力村,0
10013,屏東縣,1001309,里港鄉,總計,--
10013,屏東縣,1001310,鹽埔鄉,久愛村,1886
10013,屏東縣,1001310,鹽埔鄉,洛陽村,0
10013,屏東縣,1001310,鹽埔鄉,新二村,0
10013,屏東縣,1001310,鹽埔鄉,彭厝村,0
10013,屏東縣,1001310,鹽埔鄉,新圍村,0
10013,屏東縣,1001310,鹽埔鄉,高朗村,0
10013,屏東縣,1001310,鹽埔鄉,鹽北村,0
10013,屏東縣,1001310,鹽埔鄉,鹽中村,0
10013,屏東縣,1001310,鹽埔鄉,鹽南村,0
10013,屏東縣,1001310,鹽埔鄉,仕絨村,0
10013,屏東縣,1001310,鹽埔鄉,永隆村,0
10013,屏東縣,1001310,鹽埔鄉,振興村,2669
10013,屏東縣,1001310,鹽埔鄉,總計,4555
10013,屏東縣,1001311,高樹鄉,泰山村,24138
10013,屏東縣,1001311,高樹鄉,南華村,10202
10013,屏東縣,1001311,高樹鄉,新豐村,16477
10013,屏東縣,1001311,高樹鄉,廣興村,12707
10013,屏東縣,1001311,高樹鄉,舊庄村,8999
10013,屏東縣,1001311,高樹鄉,司馬村,0
10013,屏東縣,1001311,高樹鄉,源泉村,0
10013,屏東縣,1001311,高樹鄉,建興村,0
10013,屏東縣,1001311,高樹鄉,舊寮村,82
10013,屏東縣,1001311,高樹鄉,東興村,124
10013,屏東縣,1001311,高樹鄉,大埔村,212
10013,屏東縣,1001311,高樹鄉,高樹村,2839
10013,屏東縣,1001311,高樹鄉,東振村,1129
10013,屏東縣,1001311,高樹鄉,廣福村,11568
10013,屏東縣,1001311,高樹鄉,長榮村,966
10013,屏東縣,1001311,高樹鄉,菜寮村,9052
10013,屏東縣,1001311,高樹鄉,田子村,11834
10013,屏東縣,1001311,高樹鄉,新南村,9588
10013,屏東縣,1001311,高樹鄉,鹽樹村,14295
10013,屏東縣,1001311,高樹鄉,總計,134212
10013,屏東縣,1001312,萬巒鄉,萬巒村,0
10013,屏東縣,1001312,萬巒鄉,萬全村,0
10013,屏東縣,1001312,萬巒鄉,萬和村,0
10013,屏東縣,1001312,萬巒鄉,鹿寮村,0
10013,屏東縣,1001312,萬巒鄉,硫黃村,0
10013,屏東縣,1001312,萬巒鄉,泗溝村,0
10013,屏東縣,1001312,萬巒鄉,五溝村,0
10013,屏東縣,1001312,萬巒鄉,萬金村,0
10013,屏東縣,1001312,萬巒鄉,赤山村,51
10013,屏東縣,1001312,萬巒鄉,佳佐村,0
10013,屏東縣,1001312,萬巒鄉,佳和村,0
10013,屏東縣,1001312,萬巒鄉,新厝村,0
10013,屏東縣,1001312,萬巒鄉,新置村,0
10013,屏東縣,1001312,萬巒鄉,成德村,417
10013,屏東縣,1001312,萬巒鄉,總計,468
10013,屏東縣,1001313,內埔鄉,水門村,19950
10013,屏東縣,1001313,內埔鄉,竹圍村,1014
10013,屏東縣,1001313,內埔鄉,建興村,1305
10013,屏東縣,1001313,內埔鄉,大新村,1159
10013,屏東縣,1001313,內埔鄉,隘寮村,21
10013,屏東縣,1001313,內埔鄉,振豐村,0
10013,屏東縣,1001313,內埔鄉,東勢村,0
10013,屏東縣,1001313,內埔鄉,東片村,0
10013,屏東縣,1001313,內埔鄉,上樹村,0
10013,屏東縣,1001313,內埔鄉,老埤村,0
10013,屏東縣,1001313,內埔鄉,中林村,0
10013,屏東縣,1001313,內埔鄉,龍泉村,0
10013,屏東縣,1001313,內埔鄉,龍潭村,0
10013,屏東縣,1001313,內埔鄉,內埔村,0
10013,屏東縣,1001313,內埔鄉,內田村,0
10013,屏東縣,1001313,內埔鄉,興南村,0
10013,屏東縣,1001313,內埔鄉,義亭村,0
10013,屏東縣,1001313,內埔鄉,美和村,0
10013,屏東縣,1001313,內埔鄉,和興村,0
10013,屏東縣,1001313,內埔鄉,東寧村,0
10013,屏東縣,1001313,內埔鄉,黎明村,27
10013,屏東縣,1001313,內埔鄉,富田村,131
10013,屏東縣,1001313,內埔鄉,豐田村,16503
10013,屏東縣,1001313,內埔鄉,總計,40110
10013,屏東縣,1001314,竹田鄉,永豐村,2254
10013,屏東縣,1001314,竹田鄉,六巷村,0
10013,屏東縣,1001314,竹田鄉,泗洲村,0
10013,屏東縣,1001314,竹田鄉,大湖村,0
10013,屏東縣,1001314,竹田鄉,鳳明村,0
10013,屏東縣,1001314,竹田鄉,竹田村,0
10013,屏東縣,1001314,竹田鄉,竹南村,0
10013,屏東縣,1001314,竹田鄉,糶糴村,0
10013,屏東縣,1001314,竹田鄉,履豐村,0
10013,屏東縣,1001314,竹田鄉,頭崙村,0
10013,屏東縣,1001314,竹田鄉,二崙村,0
10013,屏東縣,1001314,竹田鄉,美崙村,0
10013,屏東縣,1001314,竹田鄉,南勢村,0
10013,屏東縣,1001314,竹田鄉,西勢村,0
10013,屏東縣,1001314,竹田鄉,福田村,0
10013,屏東縣,1001314,竹田鄉,總計,2254
10013,屏東縣,1001315,新埤鄉,餉潭村,7412
10013,屏東縣,1001315,新埤鄉,新埤村,0
10013,屏東縣,1001315,新埤鄉,建功村,0
10013,屏東縣,1001315,新埤鄉,打鐵村,0
10013,屏東縣,1001315,新埤鄉,南豐村,0
10013,屏東縣,1001315,新埤鄉,萬隆村,0
10013,屏東縣,1001315,新埤鄉,箕湖村,0
10013,屏東縣,1001315,新埤鄉,總計,7412
10013,屏東縣,1001316,枋寮鄉,枋寮村,16127
10013,屏東縣,1001316,枋寮鄉,人和村,14302
10013,屏東縣,1001316,枋寮鄉,玉泉村,506
10013,屏東縣,1001316,枋寮鄉,東海村,264
10013,屏東縣,1001316,枋寮鄉,大庄村,36
10013,屏東縣,1001316,枋寮鄉,地利村,9333
10013,屏東縣,1001316,枋寮鄉,內寮村,0
10013,屏東縣,1001316,枋寮鄉,新開村,0
10013,屏東縣,1001316,枋寮鄉,太源村,0
10013,屏東縣,1001316,枋寮鄉,中寮村,542
10013,屏東縣,1001316,枋寮鄉,隆山村,11256
10013,屏東縣,1001316,枋寮鄉,保生村,723
10013,屏東縣,1001316,枋寮鄉,安樂村,6223
10013,屏東縣,1001316,枋寮鄉,天時村,9153
10013,屏東縣,1001316,枋寮鄉,新龍村,8420
10013,屏東縣,1001316,枋寮鄉,總計,76885
10013,屏東縣,1001317,新園鄉,興龍村,29107
10013,屏東縣,1001317,新園鄉,中洲村,22044
10013,屏東縣,1001317,新園鄉,共和村,33211
10013,屏東縣,1001317,新園鄉,新東村,23137
10013,屏東縣,1001317,新園鄉,烏龍村,14777
10013,屏東縣,1001317,新園鄉,仙吉村,535
10013,屏東縣,1001317,新園鄉,五房村,202
10013,屏東縣,1001317,新園鄉,田洋村,0
10013,屏東縣,1001317,新園鄉,港墘村,0
10013,屏東縣,1001317,新園鄉,內庄村,0
10013,屏東縣,1001317,新園鄉,瓦磘村,5
10013,屏東縣,1001317,新園鄉,港西村,352
10013,屏東縣,1001317,新園鄉,南龍村,18733
10013,屏東縣,1001317,新園鄉,新園村,28466
10013,屏東縣,1001317,新園鄉,鹽埔村,68136
10013,屏東縣,1001317,新園鄉,總計,238705
10013,屏東縣,1001318,崁頂鄉,越溪村,14290
10013,屏東縣,1001318,崁頂鄉,港東村,19676
10013,屏東縣,1001318,崁頂鄉,力社村,63
10013,屏東縣,1001318,崁頂鄉,洲子村,215
10013,屏東縣,1001318,崁頂鄉,圍內村,629
10013,屏東縣,1001318,崁頂鄉,北勢村,1992
10013,屏東縣,1001318,崁頂鄉,園寮村,3377
10013,屏東縣,1001318,崁頂鄉,崁頂村,2834
10013,屏東縣,1001318,崁頂鄉,總計,43076
10013,屏東縣,1001319,林邊鄉,竹林村,9088
10013,屏東縣,1001319,林邊鄉,永樂村,4052
10013,屏東縣,1001319,林邊鄉,仁和村,527
10013,屏東縣,1001319,林邊鄉,中林村,156
10013,屏東縣,1001319,林邊鄉,崎峯村,14915
10013,屏東縣,1001319,林邊鄉,光林村,276
10013,屏東縣,1001319,林邊鄉,林邊村,300
10013,屏東縣,1001319,林邊鄉,鎮安村,9497
10013,屏東縣,1001319,林邊鄉,水利村,20233
10013,屏東縣,1001319,林邊鄉,田厝村,10134
10013,屏東縣,1001319,林邊鄉,總計,69178
10013,屏東縣,1001320,南州鄉,同安村,93
10013,屏東縣,1001320,南州鄉,仁里村,18
10013,屏東縣,1001320,南州鄉,溪洲村,0
10013,屏東縣,1001320,南州鄉,七塊村,210
10013,屏東縣,1001320,南州鄉,萬華村,0
10013,屏東縣,1001320,南州鄉,米崙村,0
10013,屏東縣,1001320,南州鄉,壽元村,0
10013,屏東縣,1001320,南州鄉,南安村,83
10013,屏東縣,1001320,南州鄉,溪北村,127
10013,屏東縣,1001320,南州鄉,溪南村,173
10013,屏東縣,1001320,南州鄉,總計,704
10013,屏東縣,1001321,佳冬鄉,玉光村,3435
10013,屏東縣,1001321,佳冬鄉,六根村,3794
10013,屏東縣,1001321,佳冬鄉,大同村,2435
10013,屏東縣,1001321,佳冬鄉,賴家村,3051
10013,屏東縣,1001321,佳冬鄉,昌隆村,1298
10013,屏東縣,1001321,佳冬鄉,豐隆村,800
10013,屏東縣,1001321,佳冬鄉,萬建村,5197
10013,屏東縣,1001321,佳冬鄉,石光村,4837
10013,屏東縣,1001321,佳冬鄉,塭豐村,14278
10013,屏東縣,1001321,佳冬鄉,佳冬村,12041
10013,屏東縣,1001321,佳冬鄉,羌園村,5706
10013,屏東縣,1001321,佳冬鄉,燄溫村,6918
10013,屏東縣,1001321,佳冬鄉,總計,63790
10013,屏東縣,1001322,琉球鄉,大福村,14379
10013,屏東縣,1001322,琉球鄉,中福村,615
10013,屏東縣,1001322,琉球鄉,天福村,7364
10013,屏東縣,1001322,琉球鄉,漁福村,126
10013,屏東縣,1001322,琉球鄉,本福村,890
10013,屏東縣,1001322,琉球鄉,杉福村,8869
10013,屏東縣,1001322,琉球鄉,南福村,8598
10013,屏東縣,1001322,琉球鄉,上福村,593
10013,屏東縣,1001322,琉球鄉,總計,41434
10013,屏東縣,1001323,車城鄉,後灣村,34454
10013,屏東縣,1001323,車城鄉,福安村,8691
10013,屏東縣,1001323,車城鄉,溫泉村,243
10013,屏東縣,1001323,車城鄉,埔墘村,157
10013,屏東縣,1001323,車城鄉,射寮村,0
10013,屏東縣,1001323,車城鄉,新街村,0
10013,屏東縣,1001323,車城鄉,保力村,81
10013,屏東縣,1001323,車城鄉,統埔村,2790
10013,屏東縣,1001323,車城鄉,田中村,7847
10013,屏東縣,1001323,車城鄉,海口村,11097
10013,屏東縣,1001323,車城鄉,福興村,18082
10013,屏東縣,1001323,車城鄉,總計,83442
10013,屏東縣,1001324,滿州鄉,長樂村,427
10013,屏東縣,1001324,滿州鄉,里德村,216
10013,屏東縣,1001324,滿州鄉,港口村,5660
10013,屏東縣,1001324,滿州鄉,滿州村,16441
10013,屏東縣,1001324,滿州鄉,九棚村,0
10013,屏東縣,1001324,滿州鄉,港仔村,0
10013,屏東縣,1001324,滿州鄉,永靖村,0
10013,屏東縣,1001324,滿州鄉,响林村,139
10013,屏東縣,1001324,滿州鄉,總計,22883
10013,屏東縣,1001325,枋山鄉,枋山村,23
10013,屏東縣,1001325,枋山鄉,楓港村,4129
10013,屏東縣,1001325,枋山鄉,善餘村,7424
10013,屏東縣,1001325,枋山鄉,加祿村,2323
10013,屏東縣,1001325,枋山鄉,總計,13899
10013,屏東縣,1001326,三地門鄉,三地村,4740
10013,屏東縣,1001326,三地門鄉,青葉村,55
10013,屏東縣,1001326,三地門鄉,達來村,0
10013,屏東縣,1001326,三地門鄉,德文村,0
10013,屏東縣,1001326,三地門鄉,大社村,0
10013,屏東縣,1001326,三地門鄉,口社村,0
10013,屏東縣,1001326,三地門鄉,馬兒村,186
10013,屏東縣,1001326,三地門鄉,安坡村,0
10013,屏東縣,1001326,三地門鄉,青山村,0
10013,屏東縣,1001326,三地門鄉,賽嘉村,4409
10013,屏東縣,1001326,三地門鄉,總計,9390
10013,屏東縣,1001327,霧臺鄉,霧台村,2307
10013,屏東縣,1001327,霧臺鄉,阿禮村,0
10013,屏東縣,1001327,霧臺鄉,吉露村,0
10013,屏東縣,1001327,霧臺鄉,大武村,0
10013,屏東縣,1001327,霧臺鄉,佳暮村,0
10013,屏東縣,1001327,霧臺鄉,好茶村,0
10013,屏東縣,1001327,霧臺鄉,總計,2307
10013,屏東縣,1001328,瑪家鄉,排灣村,2295
10013,屏東縣,1001328,瑪家鄉,佳義村,2561
10013,屏東縣,1001328,瑪家鄉,北葉村,9068
10013,屏東縣,1001328,瑪家鄉,涼山村,805
10013,屏東縣,1001328,瑪家鄉,瑪家村,1424
10013,屏東縣,1001328,瑪家鄉,三和村,34353
10013,屏東縣,1001328,瑪家鄉,總計,50506
10013,屏東縣,1001329,泰武鄉,佳平村,4513
10013,屏東縣,1001329,泰武鄉,平和村,0
10013,屏東縣,1001329,泰武鄉,佳興村,0
10013,屏東縣,1001329,泰武鄉,泰武村,0
10013,屏東縣,1001329,泰武鄉,萬安村,0
10013,屏東縣,1001329,泰武鄉,武潭村,6398
10013,屏東縣,1001329,泰武鄉,總計,10911
10013,屏東縣,1001330,來義鄉,古樓村,3823
10013,屏東縣,1001330,來義鄉,南和村,9990
10013,屏東縣,1001330,來義鄉,望嘉村,5161
10013,屏東縣,1001330,來義鄉,丹林村,0
10013,屏東縣,1001330,來義鄉,文樂村,0
10013,屏東縣,1001330,來義鄉,來義村,0
10013,屏東縣,1001330,來義鄉,義林村,86
10013,屏東縣,1001330,來義鄉,總計,19060
10013,屏東縣,1001331,春日鄉,士文村,0
10013,屏東縣,1001331,春日鄉,七佳村,0
10013,屏東縣,1001331,春日鄉,歸崇村,0
10013,屏東縣,1001331,春日鄉,力里村,3455
10013,屏東縣,1001331,春日鄉,古華村,3517
10013,屏東縣,1001331,春日鄉,春日村,6559
10013,屏東縣,1001331,春日鄉,總計,13531
10013,屏東縣,1001332,獅子鄉,楓林村,0
10013,屏東縣,1001332,獅子鄉,丹路村,0
10013,屏東縣,1001332,獅子鄉,草埔村,0
10013,屏東縣,1001332,獅子鄉,內文村,0
10013,屏東縣,1001332,獅子鄉,竹坑村,2162
10013,屏東縣,1001332,獅子鄉,獅子村,414
10013,屏東縣,1001332,獅子鄉,內獅村,4026
10013,屏東縣,1001332,獅子鄉,南世村,714
10013,屏東縣,1001332,獅子鄉,總計,7316
10013,屏東縣,1001333,牡丹鄉,東源村,1031
10013,屏東縣,1001333,牡丹鄉,旭海村,0
10013,屏東縣,1001333,牡丹鄉,四林村,1293
10013,屏東縣,1001333,牡丹鄉,高士村,1405
10013,屏東縣,1001333,牡丹鄉,石門村,8825
10013,屏東縣,1001333,牡丹鄉,牡丹村,3041
10013,屏東縣,1001333,牡丹鄉,總計,15595
10014,臺東縣,1001401,臺東市,復國里,699
10014,臺東縣,1001401,臺東市,建農里,29467
10014,臺東縣,1001401,臺東市,東海里,19424
10014,臺東縣,1001401,臺東市,民族里,2124
10014,臺東縣,1001401,臺東市,康樂里,21406
10014,臺東縣,1001401,臺東市,文化里,11663
10014,臺東縣,1001401,臺東市,民權里,2068
10014,臺東縣,1001401,臺東市,新興里,1935
10014,臺東縣,1001401,臺東市,卑南里,945
10014,臺東縣,1001401,臺東市,中華里,1412
10014,臺東縣,1001401,臺東市,知本里,23820
10014,臺東縣,1001401,臺東市,富岡里,30062
10014,臺東縣,1001401,臺東市,岩灣里,5590
10014,臺東縣,1001401,臺東市,中正里,572
10014,臺東縣,1001401,臺東市,成功里,684
10014,臺東縣,1001401,臺東市,復興里,804
10014,臺東縣,1001401,臺東市,中山里,212
10014,臺東縣,1001401,臺東市,大同里,308
10014,臺東縣,1001401,臺東市,仁愛里,134
10014,臺東縣,1001401,臺東市,南王里,113
10014,臺東縣,1001401,臺東市,建國里,43
10014,臺東縣,1001401,臺東市,興國里,0
10014,臺東縣,1001401,臺東市,強國里,0
10014,臺東縣,1001401,臺東市,自強里,612
10014,臺東縣,1001401,臺東市,四維里,2725
10014,臺東縣,1001401,臺東市,鐵花里,92
10014,臺東縣,1001401,臺東市,寶桑里,1472
10014,臺東縣,1001401,臺東市,豐田里,45645
10014,臺東縣,1001401,臺東市,豐原里,10961
10014,臺東縣,1001401,臺東市,建興里,16022
10014,臺東縣,1001401,臺東市,建業里,21999
10014,臺東縣,1001401,臺東市,民生里,5342
10014,臺東縣,1001401,臺東市,建和里,19813
10014,臺東縣,1001401,臺東市,豐年里,44686
10014,臺東縣,1001401,臺東市,富豐里,12986
10014,臺東縣,1001401,臺東市,豐樂里,22189
10014,臺東縣,1001401,臺東市,新園里,26041
10014,臺東縣,1001401,臺東市,馬蘭里,43650
10014,臺東縣,1001401,臺東市,豐里里,22824
10014,臺東縣,1001401,臺東市,中心里,36031
10014,臺東縣,1001401,臺東市,豐谷里,26254
10014,臺東縣,1001401,臺東市,永樂里,30846
10014,臺東縣,1001401,臺東市,光明里,29520
10014,臺東縣,1001401,臺東市,南榮里,14820
10014,臺東縣,1001401,臺東市,新生里,119214
10014,臺東縣,1001401,臺東市,豐榮里,134385
10014,臺東縣,1001401,臺東市,總計,841614
10014,臺東縣,1001402,成功鎮,三民里,3049
10014,臺東縣,1001402,成功鎮,忠仁里,29459
10014,臺東縣,1001402,成功鎮,三仙里,446
10014,臺東縣,1001402,成功鎮,博愛里,127
10014,臺東縣,1001402,成功鎮,和平里,3002
10014,臺東縣,1001402,成功鎮,忠孝里,356
10014,臺東縣,1001402,成功鎮,忠智里,26049
10014,臺東縣,1001402,成功鎮,信義里,12676
10014,臺東縣,1001402,成功鎮,總計,75164
10014,臺東縣,1001403,關山鎮,中福里,1352
10014,臺東縣,1001403,關山鎮,新福里,398
10014,臺東縣,1001403,關山鎮,豐泉里,1306
10014,臺東縣,1001403,關山鎮,德高里,116
10014,臺東縣,1001403,關山鎮,電光里,31
10014,臺東縣,1001403,關山鎮,月眉里,109
10014,臺東縣,1001403,關山鎮,里壠里,1070
10014,臺東縣,1001403,關山鎮,總計,4382
10014,臺東縣,1001404,卑南鄉,溫泉村,5293
10014,臺東縣,1001404,卑南鄉,太平村,4405
10014,臺東縣,1001404,卑南鄉,初鹿村,11448
10014,臺東縣,1001404,卑南鄉,富源村,6329
10014,臺東縣,1001404,卑南鄉,明峰村,463
10014,臺東縣,1001404,卑南鄉,利吉村,30
10014,臺東縣,1001404,卑南鄉,嘉豐村,24
10014,臺東縣,1001404,卑南鄉,東興村,53
10014,臺東縣,1001404,卑南鄉,富山村,7627
10014,臺東縣,1001404,卑南鄉,賓朗村,2706
10014,臺東縣,1001404,卑南鄉,利嘉村,13212
10014,臺東縣,1001404,卑南鄉,美農村,4456
10014,臺東縣,1001404,卑南鄉,泰安村,7610
10014,臺東縣,1001404,卑南鄉,總計,63656
10014,臺東縣,1001405,鹿野鄉,龍田村,11513
10014,臺東縣,1001405,鹿野鄉,鹿野村,14784
10014,臺東縣,1001405,鹿野鄉,永安村,19473
10014,臺東縣,1001405,鹿野鄉,瑞和村,274
10014,臺東縣,1001405,鹿野鄉,瑞隆村,2
10014,臺東縣,1001405,鹿野鄉,瑞豐村,449
10014,臺東縣,1001405,鹿野鄉,瑞源村,439
10014,臺東縣,1001405,鹿野鄉,總計,46934
10014,臺東縣,1001406,池上鄉,福原村,39688
10014,臺東縣,1001406,池上鄉,慶豐村,8654
10014,臺東縣,1001406,池上鄉,大埔村,11600
10014,臺東縣,1001406,池上鄉,福文村,16883
10014,臺東縣,1001406,池上鄉,錦園村,4425
10014,臺東縣,1001406,池上鄉,富興村,3898
10014,臺東縣,1001406,池上鄉,振興村,2948
10014,臺東縣,1001406,池上鄉,新興村,13817
10014,臺東縣,1001406,池上鄉,萬安村,4576
10014,臺東縣,1001406,池上鄉,大坡村,4038
10014,臺東縣,1001406,池上鄉,總計,110527
10014,臺東縣,1001407,東河鄉,都蘭村,15560
10014,臺東縣,1001407,東河鄉,泰源村,6827
10014,臺東縣,1001407,東河鄉,尚德村,32
10014,臺東縣,1001407,東河鄉,隆昌村,4449
10014,臺東縣,1001407,東河鄉,北源村,6221
10014,臺東縣,1001407,東河鄉,東河村,9513
10014,臺東縣,1001407,東河鄉,興昌村,7465
10014,臺東縣,1001407,東河鄉,總計,50067
10014,臺東縣,1001408,長濱鄉,長濱村,1777
10014,臺東縣,1001408,長濱鄉,忠勇村,0
10014,臺東縣,1001408,長濱鄉,樟原村,113
10014,臺東縣,1001408,長濱鄉,竹湖村,341
10014,臺東縣,1001408,長濱鄉,三間村,674
10014,臺東縣,1001408,長濱鄉,寧埔村,382
10014,臺東縣,1001408,長濱鄉,總計,3287
10014,臺東縣,1001409,太麻里鄉,三和村,5325
10014,臺東縣,1001409,太麻里鄉,華源村,967
10014,臺東縣,1001409,太麻里鄉,北里村,3429
10014,臺東縣,1001409,太麻里鄉,泰和村,793
10014,臺東縣,1001409,太麻里鄉,大王村,3250
10014,臺東縣,1001409,太麻里鄉,香蘭村,116
10014,臺東縣,1001409,太麻里鄉,金崙村,24036
10014,臺東縣,1001409,太麻里鄉,多良村,269
10014,臺東縣,1001409,太麻里鄉,美和村,14817
10014,臺東縣,1001409,太麻里鄉,總計,53002
10014,臺東縣,1001410,大武鄉,大鳥村,10248
10014,臺東縣,1001410,大武鄉,大竹村,73
10014,臺東縣,1001410,大武鄉,南興村,508
10014,臺東縣,1001410,大武鄉,尚武村,16494
10014,臺東縣,1001410,大武鄉,大武村,21928
10014,臺東縣,1001410,大武鄉,總計,49251
10014,臺東縣,1001411,綠島鄉,公館村,6041
10014,臺東縣,1001411,綠島鄉,南寮村,1368
10014,臺東縣,1001411,綠島鄉,中寮村,7072
10014,臺東縣,1001411,綠島鄉,總計,14481
10014,臺東縣,1001412,海端鄉,海端村,367
10014,臺東縣,1001412,海端鄉,利稻村,246
10014,臺東縣,1001412,海端鄉,加拿村,0
10014,臺東縣,1001412,海端鄉,霧鹿村,0
10014,臺東縣,1001412,海端鄉,崁頂村,214
10014,臺東縣,1001412,海端鄉,廣原村,2707
10014,臺東縣,1001412,海端鄉,總計,3534
10014,臺東縣,1001413,延平鄉,武陵村,4245
10014,臺東縣,1001413,延平鄉,桃源村,512
10014,臺東縣,1001413,延平鄉,紅葉村,0
10014,臺東縣,1001413,延平鄉,鸞山村,15
10014,臺東縣,1001413,延平鄉,永康村,2106
10014,臺東縣,1001413,延平鄉,總計,6878
10014,臺東縣,1001414,金峰鄉,歷坵村,291
10014,臺東縣,1001414,金峰鄉,新興村,4939
10014,臺東縣,1001414,金峰鄉,賓茂村,4414
10014,臺東縣,1001414,金峰鄉,嘉蘭村,8901
10014,臺東縣,1001414,金峰鄉,正興村,11485
10014,臺東縣,1001414,金峰鄉,總計,30030
10014,臺東縣,1001415,達仁鄉,安朔村,402
10014,臺東縣,1001415,達仁鄉,森永村,160
10014,臺東縣,1001415,達仁鄉,南田村,55
10014,臺東縣,1001415,達仁鄉,台坂村,0
10014,臺東縣,1001415,達仁鄉,新化村,80
10014,臺東縣,1001415,達仁鄉,土坂村,118
10014,臺東縣,1001415,達仁鄉,總計,815
10014,臺東縣,1001416,蘭嶼鄉,椰油村,0
10014,臺東縣,1001416,蘭嶼鄉,紅頭村,1313
10014,臺東縣,1001416,蘭嶼鄉,朗島村,3412
10014,臺東縣,1001416,蘭嶼鄉,東清村,6571
10014,臺東縣,1001416,蘭嶼鄉,總計,11296
10015,花蓮縣,1001501,花蓮市,民心里,21323
10015,花蓮縣,1001501,花蓮市,民立里,27200
10015,花蓮縣,1001501,花蓮市,民勤里,7713
10015,花蓮縣,1001501,花蓮市,國強里,16432
10015,花蓮縣,1001501,花蓮市,民族里,9269
10015,花蓮縣,1001501,花蓮市,國治里,22176
10015,花蓮縣,1001501,花蓮市,國華里,14901
10015,花蓮縣,1001501,花蓮市,民德里,620
10015,花蓮縣,1001501,花蓮市,主農里,30433
10015,花蓮縣,1001501,花蓮市,主權里,66872
10015,花蓮縣,1001501,花蓮市,國魂里,19507
10015,花蓮縣,1001501,花蓮市,國福里,14392
10015,花蓮縣,1001501,花蓮市,主和里,26372
10015,花蓮縣,1001501,花蓮市,主工里,4904
10015,花蓮縣,1001501,花蓮市,主勤里,910
10015,花蓮縣,1001501,花蓮市,主信里,784
10015,花蓮縣,1001501,花蓮市,主計里,74
10015,花蓮縣,1001501,花蓮市,主義里,1
10015,花蓮縣,1001501,花蓮市,民主里,166
10015,花蓮縣,1001501,花蓮市,國光里,13199
10015,花蓮縣,1001501,花蓮市,主睦里,775
10015,花蓮縣,1001501,花蓮市,民享里,433
10015,花蓮縣,1001501,花蓮市,主商里,725
10015,花蓮縣,1001501,花蓮市,民權里,5239
10015,花蓮縣,1001501,花蓮市,民有里,88
10015,花蓮縣,1001501,花蓮市,民樂里,1192
10015,花蓮縣,1001501,花蓮市,民治里,208
10015,花蓮縣,1001501,花蓮市,民生里,22795
10015,花蓮縣,1001501,花蓮市,民意里,2799
10015,花蓮縣,1001501,花蓮市,國安里,10769
10015,花蓮縣,1001501,花蓮市,主安里,17721
10015,花蓮縣,1001501,花蓮市,民孝里,9201
10015,花蓮縣,1001501,花蓮市,國防里,5945
10015,花蓮縣,1001501,花蓮市,國興里,75959
10015,花蓮縣,1001501,花蓮市,民政里,1660
10015,花蓮縣,1001501,花蓮市,主學里,18697
10015,花蓮縣,1001501,花蓮市,國富里,61089
10015,花蓮縣,1001501,花蓮市,主力里,30128
10015,花蓮縣,1001501,花蓮市,民運里,6363
10015,花蓮縣,1001501,花蓮市,國威里,25598
10015,花蓮縣,1001501,花蓮市,國裕里,52125
10015,花蓮縣,1001501,花蓮市,國慶里,20105
10015,花蓮縣,1001501,花蓮市,國聯里,47606
10015,花蓮縣,1001501,花蓮市,國風里,30786
10015,花蓮縣,1001501,花蓮市,國盛里,75327
10015,花蓮縣,1001501,花蓮市,總計,820581
10015,花蓮縣,1001502,鳳林鎮,林榮里,12009
10015,花蓮縣,1001502,鳳林鎮,長橋里,14446
10015,花蓮縣,1001502,鳳林鎮,鳳仁里,21426
10015,花蓮縣,1001502,鳳林鎮,鳳智里,23255
10015,花蓮縣,1001502,鳳林鎮,大榮里,18017
10015,花蓮縣,1001502,鳳林鎮,森榮里,2079
10015,花蓮縣,1001502,鳳林鎮,鳳義里,6719
10015,花蓮縣,1001502,鳳林鎮,鳳信里,20488
10015,花蓮縣,1001502,鳳林鎮,北林里,6344
10015,花蓮縣,1001502,鳳林鎮,鳳禮里,13164
10015,花蓮縣,1001502,鳳林鎮,南平里,6011
10015,花蓮縣,1001502,鳳林鎮,山興里,1821
10015,花蓮縣,1001502,鳳林鎮,總計,145779
10015,花蓮縣,1001503,玉里鎮,泰昌里,18569
10015,花蓮縣,1001503,玉里鎮,永昌里,21495
10015,花蓮縣,1001503,玉里鎮,源城里,4377
10015,花蓮縣,1001503,玉里鎮,樂合里,53
10015,花蓮縣,1001503,玉里鎮,松浦里,601
10015,花蓮縣,1001503,玉里鎮,啟模里,184
10015,花蓮縣,1001503,玉里鎮,東豐里,0
10015,花蓮縣,1001503,玉里鎮,觀音里,0
10015,花蓮縣,1001503,玉里鎮,長良里,0
10015,花蓮縣,1001503,玉里鎮,春日里,0
10015,花蓮縣,1001503,玉里鎮,德武里,0
10015,花蓮縣,1001503,玉里鎮,大禹里,116
10015,花蓮縣,1001503,玉里鎮,三民里,498
10015,花蓮縣,1001503,玉里鎮,國武里,20437
10015,花蓮縣,1001503,玉里鎮,中城里,63505
10015,花蓮縣,1001503,玉里鎮,總計,129835
10015,花蓮縣,1001504,新城鄉,新城村,29955
10015,花蓮縣,1001504,新城鄉,北埔村,8102
10015,花蓮縣,1001504,新城鄉,順安村,6404
10015,花蓮縣,1001504,新城鄉,嘉里村,8030
10015,花蓮縣,1001504,新城鄉,大漢村,729
10015,花蓮縣,1001504,新城鄉,佳林村,2099
10015,花蓮縣,1001504,新城鄉,康樂村,5233
10015,花蓮縣,1001504,新城鄉,嘉新村,16305
10015,花蓮縣,1001504,新城鄉,總計,76857
10015,花蓮縣,1001505,吉安鄉,永安村,74263
10015,花蓮縣,1001505,吉安鄉,北昌村,102662
10015,花蓮縣,1001505,吉安鄉,太昌村,47304
10015,花蓮縣,1001505,吉安鄉,光華村,1379
10015,花蓮縣,1001505,吉安鄉,勝安村,85956
10015,花蓮縣,1001505,吉安鄉,干城村,3334
10015,花蓮縣,1001505,吉安鄉,福興村,29078
10015,花蓮縣,1001505,吉安鄉,南昌村,65815
10015,花蓮縣,1001505,吉安鄉,稻香村,10139
10015,花蓮縣,1001505,吉安鄉,仁里村,218
10015,花蓮縣,1001505,吉安鄉,仁安村,0
10015,花蓮縣,1001505,吉安鄉,南華村,0
10015,花蓮縣,1001505,吉安鄉,永興村,0
10015,花蓮縣,1001505,吉安鄉,東昌村,1279
10015,花蓮縣,1001505,吉安鄉,仁和村,9656
10015,花蓮縣,1001505,吉安鄉,宜昌村,73997
10015,花蓮縣,1001505,吉安鄉,慶豐村,104481
10015,花蓮縣,1001505,吉安鄉,吉安村,80751
10015,花蓮縣,1001505,吉安鄉,總計,690312
10015,花蓮縣,1001506,壽豐鄉,鹽寮村,20828
10015,花蓮縣,1001506,壽豐鄉,志學村,48681
10015,花蓮縣,1001506,壽豐鄉,池南村,695
10015,花蓮縣,1001506,壽豐鄉,溪口村,4005
10015,花蓮縣,1001506,壽豐鄉,共和村,3948
10015,花蓮縣,1001506,壽豐鄉,月眉村,86
10015,花蓮縣,1001506,壽豐鄉,水璉村,364
10015,花蓮縣,1001506,壽豐鄉,豐坪村,1
10015,花蓮縣,1001506,壽豐鄉,樹湖村,0
10015,花蓮縣,1001506,壽豐鄉,平和村,466
10015,花蓮縣,1001506,壽豐鄉,光榮村,10
10015,花蓮縣,1001506,壽豐鄉,米棧村,506
10015,花蓮縣,1001506,壽豐鄉,豐裡村,477
10015,花蓮縣,1001506,壽豐鄉,壽豐村,1249
10015,花蓮縣,1001506,壽豐鄉,豐山村,9504
10015,花蓮縣,1001506,壽豐鄉,總計,90820
10015,花蓮縣,1001507,光復鄉,大安村,80
10015,花蓮縣,1001507,光復鄉,大富村,137
10015,花蓮縣,1001507,光復鄉,大全村,1298
10015,花蓮縣,1001507,光復鄉,大馬村,391
10015,花蓮縣,1001507,光復鄉,大同村,918
10015,花蓮縣,1001507,光復鄉,北富村,477
10015,花蓮縣,1001507,光復鄉,大興村,0
10015,花蓮縣,1001507,光復鄉,大平村,0
10015,花蓮縣,1001507,光復鄉,南富村,0
10015,花蓮縣,1001507,光復鄉,大豐村,0
10015,花蓮縣,1001507,光復鄉,東富村,3
10015,花蓮縣,1001507,光復鄉,西富村,87
10015,花蓮縣,1001507,光復鄉,大進村,547
10015,花蓮縣,1001507,光復鄉,大華村,652
10015,花蓮縣,1001507,光復鄉,總計,4590
10015,花蓮縣,1001508,豐濱鄉,港口村,1250
10015,花蓮縣,1001508,豐濱鄉,豐濱村,763
10015,花蓮縣,1001508,豐濱鄉,新社村,192
10015,花蓮縣,1001508,豐濱鄉,靜浦村,315
10015,花蓮縣,1001508,豐濱鄉,磯崎村,0
10015,花蓮縣,1001508,豐濱鄉,總計,2520
10015,花蓮縣,1001509,瑞穗鄉,瑞美村,282
10015,花蓮縣,1001509,瑞穗鄉,舞鶴村,339
10015,花蓮縣,1001509,瑞穗鄉,鶴岡村,191
10015,花蓮縣,1001509,瑞穗鄉,瑞北村,289
10015,花蓮縣,1001509,瑞穗鄉,富源村,238
10015,花蓮縣,1001509,瑞穗鄉,富興村,27
10015,花蓮縣,1001509,瑞穗鄉,富民村,0
10015,花蓮縣,1001509,瑞穗鄉,奇美村,0
10015,花蓮縣,1001509,瑞穗鄉,瑞良村,0
10015,花蓮縣,1001509,瑞穗鄉,瑞祥村,168
10015,花蓮縣,1001509,瑞穗鄉,瑞穗村,3212
10015,花蓮縣,1001509,瑞穗鄉,總計,4746
10015,花蓮縣,1001510,富里鄉,富里村,20003
10015,花蓮縣,1001510,富里鄉,羅山村,2284
10015,花蓮縣,1001510,富里鄉,學田村,2804
10015,花蓮縣,1001510,富里鄉,萬寧村,7643
10015,花蓮縣,1001510,富里鄉,明里村,3898
10015,花蓮縣,1001510,富里鄉,竹田村,3997
10015,花蓮縣,1001510,富里鄉,東里村,11995
10015,花蓮縣,1001510,富里鄉,富南村,3968
10015,花蓮縣,1001510,富里鄉,豐南村,0
10015,花蓮縣,1001510,富里鄉,吳江村,1722
10015,花蓮縣,1001510,富里鄉,永豐村,2179
10015,花蓮縣,1001510,富里鄉,石牌村,10305
10015,花蓮縣,1001510,富里鄉,新興村,2796
10015,花蓮縣,1001510,富里鄉,總計,73594
10015,花蓮縣,1001511,秀林鄉,和平村,19800
10015,花蓮縣,1001511,秀林鄉,崇德村,20625
10015,花蓮縣,1001511,秀林鄉,富世村,25246
10015,花蓮縣,1001511,秀林鄉,景美村,2536
10015,花蓮縣,1001511,秀林鄉,文蘭村,335
10015,花蓮縣,1001511,秀林鄉,佳民村,180
10015,花蓮縣,1001511,秀林鄉,銅門村,60
10015,花蓮縣,1001511,秀林鄉,水源村,8678
10015,花蓮縣,1001511,秀林鄉,秀林村,23094
10015,花蓮縣,1001511,秀林鄉,總計,100554
10015,花蓮縣,1001512,萬榮鄉,紅葉村,141
10015,花蓮縣,1001512,萬榮鄉,馬遠村,0
10015,花蓮縣,1001512,萬榮鄉,萬榮村,6723
10015,花蓮縣,1001512,萬榮鄉,西林村,3855
10015,花蓮縣,1001512,萬榮鄉,明利村,2707
10015,花蓮縣,1001512,萬榮鄉,見晴村,1958
10015,花蓮縣,1001512,萬榮鄉,總計,15384
10015,花蓮縣,1001513,卓溪鄉,古風村,579
10015,花蓮縣,1001513,卓溪鄉,崙山村,26
10015,花蓮縣,1001513,卓溪鄉,太平村,72
10015,花蓮縣,1001513,卓溪鄉,卓溪村,0
10015,花蓮縣,1001513,卓溪鄉,卓清村,0
10015,花蓮縣,1001513,卓溪鄉,立山村,356
10015,花蓮縣,1001513,卓溪鄉,總計,1033
10016,澎湖縣,1001601,馬公市,陽明里,32144
10016,澎湖縣,1001601,馬公市,案山里,21665
10016,澎湖縣,1001601,馬公市,光復里,43474
10016,澎湖縣,1001601,馬公市,中興里,18220
10016,澎湖縣,1001601,馬公市,朝陽里,2260
10016,澎湖縣,1001601,馬公市,興仁里,1142
10016,澎湖縣,1001601,馬公市,安宅里,1677
10016,澎湖縣,1001601,馬公市,西文里,45687
10016,澎湖縣,1001601,馬公市,重慶里,650
10016,澎湖縣,1001601,馬公市,五德里,5916
10016,澎湖縣,1001601,馬公市,復興里,469
10016,澎湖縣,1001601,馬公市,光榮里,59207
10016,澎湖縣,1001601,馬公市,東衛里,254
10016,澎湖縣,1001601,馬公市,井垵里,4146
10016,澎湖縣,1001601,馬公市,長安里,310
10016,澎湖縣,1001601,馬公市,前寮里,4726
10016,澎湖縣,1001601,馬公市,中央里,26
10016,澎湖縣,1001601,馬公市,虎井里,0
10016,澎湖縣,1001601,馬公市,桶盤里,0
10016,澎湖縣,1001601,馬公市,烏崁里,0
10016,澎湖縣,1001601,馬公市,山水里,0
10016,澎湖縣,1001601,馬公市,菜園里,388
10016,澎湖縣,1001601,馬公市,啟明里,2778
10016,澎湖縣,1001601,馬公市,鐵線里,6170
10016,澎湖縣,1001601,馬公市,風櫃里,13122
10016,澎湖縣,1001601,馬公市,鎖港里,28364
10016,澎湖縣,1001601,馬公市,光華里,1636
10016,澎湖縣,1001601,馬公市,光明里,2875
10016,澎湖縣,1001601,馬公市,石泉里,35047
10016,澎湖縣,1001601,馬公市,東文里,46431
10016,澎湖縣,1001601,馬公市,重光里,17816
10016,澎湖縣,1001601,馬公市,西衛里,43678
10016,澎湖縣,1001601,馬公市,嵵裡里,10619
10016,澎湖縣,1001601,馬公市,總計,450897
10016,澎湖縣,1001602,湖西鄉,隘門村,1488
10016,澎湖縣,1001602,湖西鄉,鼎灣村,1496
10016,澎湖縣,1001602,湖西鄉,城北村,1226
10016,澎湖縣,1001602,湖西鄉,林投村,102
10016,澎湖縣,1001602,湖西鄉,沙港村,266
10016,澎湖縣,1001602,湖西鄉,紅羅村,87
10016,澎湖縣,1001602,湖西鄉,成功村,44
10016,澎湖縣,1001602,湖西鄉,北寮村,79
10016,澎湖縣,1001602,湖西鄉,白坑村,25
10016,澎湖縣,1001602,湖西鄉,南寮村,0
10016,澎湖縣,1001602,湖西鄉,湖東村,0
10016,澎湖縣,1001602,湖西鄉,東石村,16
10016,澎湖縣,1001602,湖西鄉,中西村,0
10016,澎湖縣,1001602,湖西鄉,太武村,0
10016,澎湖縣,1001602,湖西鄉,菓葉村,101
10016,澎湖縣,1001602,湖西鄉,潭邊村,44
10016,澎湖縣,1001602,湖西鄉,尖山村,283
10016,澎湖縣,1001602,湖西鄉,青螺村,41
10016,澎湖縣,1001602,湖西鄉,許家村,79
10016,澎湖縣,1001602,湖西鄉,龍門村,361
10016,澎湖縣,1001602,湖西鄉,西溪村,548
10016,澎湖縣,1001602,湖西鄉,湖西村,3012
10016,澎湖縣,1001602,湖西鄉,總計,9298
10016,澎湖縣,1001603,白沙鄉,赤崁村,1149
10016,澎湖縣,1001603,白沙鄉,後寮村,655
10016,澎湖縣,1001603,白沙鄉,中屯村,129
10016,澎湖縣,1001603,白沙鄉,講美村,1340
10016,澎湖縣,1001603,白沙鄉,城前村,31
10016,澎湖縣,1001603,白沙鄉,鳥嶼村,375
10016,澎湖縣,1001603,白沙鄉,鎮海村,43
10016,澎湖縣,1001603,白沙鄉,港子村,35
10016,澎湖縣,1001603,白沙鄉,大倉村,63
10016,澎湖縣,1001603,白沙鄉,小赤村,114
10016,澎湖縣,1001603,白沙鄉,員貝村,41
10016,澎湖縣,1001603,白沙鄉,瓦硐村,92
10016,澎湖縣,1001603,白沙鄉,吉貝村,835
10016,澎湖縣,1001603,白沙鄉,岐頭村,1927
10016,澎湖縣,1001603,白沙鄉,通梁村,1355
10016,澎湖縣,1001603,白沙鄉,總計,8184
10016,澎湖縣,1001604,西嶼鄉,內垵村,12893
10016,澎湖縣,1001604,西嶼鄉,外垵村,25346
10016,澎湖縣,1001604,西嶼鄉,赤馬村,6175
10016,澎湖縣,1001604,西嶼鄉,橫礁村,2718
10016,澎湖縣,1001604,西嶼鄉,池西村,2063
10016,澎湖縣,1001604,西嶼鄉,合界村,3959
10016,澎湖縣,1001604,西嶼鄉,竹灣村,10206
10016,澎湖縣,1001604,西嶼鄉,小門村,4021
10016,澎湖縣,1001604,西嶼鄉,池東村,7293
10016,澎湖縣,1001604,西嶼鄉,大池村,9769
10016,澎湖縣,1001604,西嶼鄉,二崁村,3644
10016,澎湖縣,1001604,西嶼鄉,總計,88087
10016,澎湖縣,1001605,望安鄉,東安村,4650
10016,澎湖縣,1001605,望安鄉,將軍村,815
10016,澎湖縣,1001605,望安鄉,中社村,1049
10016,澎湖縣,1001605,望安鄉,西安村,2321
10016,澎湖縣,1001605,望安鄉,水垵村,1684
10016,澎湖縣,1001605,望安鄉,東坪村,0
10016,澎湖縣,1001605,望安鄉,西坪村,0
10016,澎湖縣,1001605,望安鄉,東吉村,0
10016,澎湖縣,1001605,望安鄉,花嶼村,0
10016,澎湖縣,1001605,望安鄉,總計,10519
10016,澎湖縣,1001606,七美鄉,中和村,4122
10016,澎湖縣,1001606,七美鄉,海豐村,2269
10016,澎湖縣,1001606,七美鄉,西湖村,3876
10016,澎湖縣,1001606,七美鄉,平和村,2294
10016,澎湖縣,1001606,七美鄉,南港村,11083
10016,澎湖縣,1001606,七美鄉,東湖村,1759
10016,澎湖縣,1001606,七美鄉,總計,25403
10017,基隆市,1001701,中正區,港通里,16931
10017,基隆市,1001701,中正區,平寮里,10438
10017,基隆市,1001701,中正區,新豐里,2061
10017,基隆市,1001701,中正區,八斗里,1151
10017,基隆市,1001701,中正區,碧砂里,3047
10017,基隆市,1001701,中正區,和憲里,1052
10017,基隆市,1001701,中正區,德義里,987
10017,基隆市,1001701,中正區,新富里,231
10017,基隆市,1001701,中正區,中正里,7399
10017,基隆市,1001701,中正區,社寮里,429
10017,基隆市,1001701,中正區,建國里,5552
10017,基隆市,1001701,中正區,真砂里,700
10017,基隆市,1001701,中正區,正濱里,9
10017,基隆市,1001701,中正區,義重里,0
10017,基隆市,1001701,中正區,正義里,0
10017,基隆市,1001701,中正區,中砂里,0
10017,基隆市,1001701,中正區,正船里,10
10017,基隆市,1001701,中正區,信義里,48
10017,基隆市,1001701,中正區,砂灣里,265
10017,基隆市,1001701,中正區,中濱里,92
10017,基隆市,1001701,中正區,入船里,349
10017,基隆市,1001701,中正區,正砂里,7482
10017,基隆市,1001701,中正區,砂子里,1767
10017,基隆市,1001701,中正區,長潭里,1484
10017,基隆市,1001701,中正區,中船里,1729
10017,基隆市,1001701,中正區,海濱里,53642
10017,基隆市,1001701,中正區,總計,116855
10017,基隆市,1001702,七堵區,正光里,42968
10017,基隆市,1001702,七堵區,正明里,33692
10017,基隆市,1001702,七堵區,實踐里,58796
10017,基隆市,1001702,七堵區,堵南里,31219
10017,基隆市,1001702,七堵區,八德里,2506
10017,基隆市,1001702,七堵區,泰安里,482
10017,基隆市,1001702,七堵區,長興里,49995
10017,基隆市,1001702,七堵區,友一里,26
10017,基隆市,1001702,七堵區,友二里,62
10017,基隆市,1001702,七堵區,瑪東里,0
10017,基隆市,1001702,七堵區,瑪西里,0
10017,基隆市,1001702,七堵區,富民里,0
10017,基隆市,1001702,七堵區,長安里,0
10017,基隆市,1001702,七堵區,自強里,786
10017,基隆市,1001702,七堵區,永安里,144
10017,基隆市,1001702,七堵區,瑪南里,378
10017,基隆市,1001702,七堵區,永平里,1719
10017,基隆市,1001702,七堵區,六堵里,5998
10017,基隆市,1001702,七堵區,堵北里,65977
10017,基隆市,1001702,七堵區,百福里,99455
10017,基隆市,1001702,七堵區,總計,394203
10017,基隆市,1001703,暖暖區,八堵里,14849
10017,基隆市,1001703,暖暖區,暖暖里,35002
10017,基隆市,1001703,暖暖區,八西里,21326
10017,基隆市,1001703,暖暖區,八南里,11831
10017,基隆市,1001703,暖暖區,碇內里,39813
10017,基隆市,1001703,暖暖區,暖東里,693
10017,基隆市,1001703,暖暖區,八中里,6193
10017,基隆市,1001703,暖暖區,暖同里,44306
10017,基隆市,1001703,暖暖區,過港里,55322
10017,基隆市,1001703,暖暖區,碇安里,81650
10017,基隆市,1001703,暖暖區,暖西里,76780
10017,基隆市,1001703,暖暖區,碇和里,58257
10017,基隆市,1001703,暖暖區,碇祥里,148222
10017,基隆市,1001703,暖暖區,總計,594244
10017,基隆市,1001704,仁愛區,文昌里,1415
10017,基隆市,1001704,仁愛區,光華里,58304
10017,基隆市,1001704,仁愛區,書院里,15561
10017,基隆市,1001704,仁愛區,仁德里,2376
10017,基隆市,1001704,仁愛區,文安里,12037
10017,基隆市,1001704,仁愛區,德厚里,185
10017,基隆市,1001704,仁愛區,新店里,1373
10017,基隆市,1001704,仁愛區,智仁里,1647
10017,基隆市,1001704,仁愛區,育仁里,661
10017,基隆市,1001704,仁愛區,英仁里,1601
10017,基隆市,1001704,仁愛區,獅球里,14728
10017,基隆市,1001704,仁愛區,水錦里,1005
10017,基隆市,1001704,仁愛區,明德里,64
10017,基隆市,1001704,仁愛區,博愛里,119
10017,基隆市,1001704,仁愛區,兆連里,13622
10017,基隆市,1001704,仁愛區,曲水里,0
10017,基隆市,1001704,仁愛區,崇文里,0
10017,基隆市,1001704,仁愛區,龍門里,0
10017,基隆市,1001704,仁愛區,誠仁里,0
10017,基隆市,1001704,仁愛區,吉仁里,0
10017,基隆市,1001704,仁愛區,忠勇里,438
10017,基隆市,1001704,仁愛區,林泉里,0
10017,基隆市,1001704,仁愛區,花崗里,0
10017,基隆市,1001704,仁愛區,虹橋里,0
10017,基隆市,1001704,仁愛區,同風里,31
10017,基隆市,1001704,仁愛區,福仁里,34
10017,基隆市,1001704,仁愛區,和明里,1642
10017,基隆市,1001704,仁愛區,朝棟里,47863
10017,基隆市,1001704,仁愛區,玉田里,4008
10017,基隆市,1001704,仁愛區,總計,178714
10017,基隆市,1001705,中山區,德和里,106512
10017,基隆市,1001705,中山區,協和里,22024
10017,基隆市,1001705,中山區,和慶里,99110
10017,基隆市,1001705,中山區,通明里,25602
10017,基隆市,1001705,中山區,太白里,12840
10017,基隆市,1001705,中山區,安平里,19498
10017,基隆市,1001705,中山區,和平里,13315
10017,基隆市,1001705,中山區,居仁里,17168
10017,基隆市,1001705,中山區,仁正里,9714
10017,基隆市,1001705,中山區,安民里,22520
10017,基隆市,1001705,中山區,新建里,14218
10017,基隆市,1001705,中山區,中山里,14945
10017,基隆市,1001705,中山區,西定里,13246
10017,基隆市,1001705,中山區,西康里,25279
10017,基隆市,1001705,中山區,民治里,14091
10017,基隆市,1001705,中山區,西榮里,12900
10017,基隆市,1001705,中山區,通化里,20514
10017,基隆市,1001705,中山區,仙洞里,7698
10017,基隆市,1001705,中山區,文化里,18915
10017,基隆市,1001705,中山區,西華里,17850
10017,基隆市,1001705,中山區,德安里,62194
10017,基隆市,1001705,中山區,健民里,15270
10017,基隆市,1001705,中山區,中和里,95893
10017,基隆市,1001705,中山區,中興里,48591
10017,基隆市,1001705,中山區,總計,729907
10017,基隆市,1001706,安樂區,壯觀里,75133
10017,基隆市,1001706,安樂區,長樂里,68228
10017,基隆市,1001706,安樂區,西川里,7725
10017,基隆市,1001706,安樂區,武崙里,149113
10017,基隆市,1001706,安樂區,新西里,14528
10017,基隆市,1001706,安樂區,鶯歌里,100315
10017,基隆市,1001706,安樂區,定國里,13042
10017,基隆市,1001706,安樂區,四維里,90330
10017,基隆市,1001706,安樂區,永康里,30289
10017,基隆市,1001706,安樂區,慈仁里,12727
10017,基隆市,1001706,安樂區,樂一里,10897
10017,基隆市,1001706,安樂區,七賢里,21024
10017,基隆市,1001706,安樂區,三民里,14123
10017,基隆市,1001706,安樂區,干城里,29631
10017,基隆市,1001706,安樂區,中崙里,28792
10017,基隆市,1001706,安樂區,鶯安里,63079
10017,基隆市,1001706,安樂區,定邦里,20306
10017,基隆市,1001706,安樂區,嘉仁里,52828
10017,基隆市,1001706,安樂區,安和里,19608
10017,基隆市,1001706,安樂區,六合里,78070
10017,基隆市,1001706,安樂區,興寮里,67261
10017,基隆市,1001706,安樂區,新崙里,95483
10017,基隆市,1001706,安樂區,外寮里,115508
10017,基隆市,1001706,安樂區,五福里,58363
10017,基隆市,1001706,安樂區,內寮里,117162
10017,基隆市,1001706,安樂區,總計,1353565
10017,基隆市,1001707,信義區,信綠里,4739
10017,基隆市,1001707,信義區,東安里,10151
10017,基隆市,1001707,信義區,義和里,2854
10017,基隆市,1001707,信義區,東明里,1889
10017,基隆市,1001707,信義區,智誠里,529
10017,基隆市,1001707,信義區,東光里,1797
10017,基隆市,1001707,信義區,禮東里,46
10017,基隆市,1001707,信義區,智慧里,3
10017,基隆市,1001707,信義區,孝深里,5
10017,基隆市,1001707,信義區,孝岡里,7
10017,基隆市,1001707,信義區,孝賢里,0
10017,基隆市,1001707,信義區,孝德里,0
10017,基隆市,1001707,信義區,義民里,2247
10017,基隆市,1001707,信義區,義幸里,1886
10017,基隆市,1001707,信義區,仁義里,1599
10017,基隆市,1001707,信義區,東信里,2458
10017,基隆市,1001707,信義區,義昭里,1958
10017,基隆市,1001707,信義區,禮儀里,1367
10017,基隆市,1001707,信義區,孝忠里,2222
10017,基隆市,1001707,信義區,仁壽里,14977
10017,基隆市,1001707,信義區,總計,50734
10018,新竹市,1001801,東　區,科園里,95273
10018,新竹市,1001801,東　區,明湖里,10798
10018,新竹市,1001801,東　區,復興里,31496
10018,新竹市,1001801,東　區,關東里,22631
10018,新竹市,1001801,東　區,新光里,7682
10018,新竹市,1001801,東　區,光明里,204220
10018,新竹市,1001801,東　區,軍功里,63834
10018,新竹市,1001801,東　區,錦華里,1673
10018,新竹市,1001801,東　區,立功里,15740
10018,新竹市,1001801,東　區,光復里,21799
10018,新竹市,1001801,東　區,東園里,46957
10018,新竹市,1001801,東　區,榮光里,8695
10018,新竹市,1001801,東　區,南市里,33217
10018,新竹市,1001801,東　區,成功里,19786
10018,新竹市,1001801,東　區,福德里,29574
10018,新竹市,1001801,東　區,建華里,206
10018,新竹市,1001801,東　區,竹蓮里,12130
10018,新竹市,1001801,東　區,公園里,42454
10018,新竹市,1001801,東　區,武功里,78442
10018,新竹市,1001801,東　區,南大里,2758
10018,新竹市,1001801,東　區,仙水里,18228
10018,新竹市,1001801,東　區,關帝里,14610
10018,新竹市,1001801,東　區,親仁里,650
10018,新竹市,1001801,東　區,下竹里,8053
10018,新竹市,1001801,東　區,建功里,14394
10018,新竹市,1001801,東　區,振興里,1924
10018,新竹市,1001801,東　區,湖濱里,4
10018,新竹市,1001801,東　區,前溪里,19083
10018,新竹市,1001801,東　區,千甲里,0
10018,新竹市,1001801,東　區,育賢里,1915
10018,新竹市,1001801,東　區,南門里,2159
10018,新竹市,1001801,東　區,寺前里,8343
10018,新竹市,1001801,東　區,埔頂里,65146
10018,新竹市,1001801,東　區,三民里,71757
10018,新竹市,1001801,東　區,水源里,12031
10018,新竹市,1001801,東　區,中正里,3339
10018,新竹市,1001801,東　區,東門里,17409
10018,新竹市,1001801,東　區,豐功里,43863
10018,新竹市,1001801,東　區,東勢里,18786
10018,新竹市,1001801,東　區,新興里,54149
10018,新竹市,1001801,東　區,綠水里,101786
10018,新竹市,1001801,東　區,頂竹里,56046
10018,新竹市,1001801,東　區,東山里,24479
10018,新竹市,1001801,東　區,仙宮里,34034
10018,新竹市,1001801,東　區,高峰里,97777
10018,新竹市,1001801,東　區,文華里,97949
10018,新竹市,1001801,東　區,金山里,247098
10018,新竹市,1001801,東　區,光鎮里,24395
10018,新竹市,1001801,東　區,新莊里,49005
10018,新竹市,1001801,東　區,復中里,99365
10018,新竹市,1001801,東　區,柴橋里,61558
10018,新竹市,1001801,東　區,龍山里,104750
10018,新竹市,1001801,東　區,總計,2123450
10018,新竹市,1001802,北　區,金華里,34761
10018,新竹市,1001802,北　區,光華里,23368
10018,新竹市,1001802,北　區,新雅里,14324
10018,新竹市,1001802,北　區,境福里,10143
10018,新竹市,1001802,北　區,舊社里,75148
10018,新竹市,1001802,北　區,磐石里,12768
10018,新竹市,1001802,北　區,水田里,31413
10018,新竹市,1001802,北　區,仁德里,18534
10018,新竹市,1001802,北　區,金竹里,18886
10018,新竹市,1001802,北　區,民富里,55308
10018,新竹市,1001802,北　區,光田里,25600
10018,新竹市,1001802,北　區,中山里,16514
10018,新竹市,1001802,北　區,武陵里,1219
10018,新竹市,1001802,北　區,大同里,9782
10018,新竹市,1001802,北　區,西雅里,33630
10018,新竹市,1001802,北　區,台溪里,1566
10018,新竹市,1001802,北　區,海濱里,9166
10018,新竹市,1001802,北　區,南寮里,6031
10018,新竹市,1001802,北　區,石坊里,2296
10018,新竹市,1001802,北　區,曲溪里,10724
10018,新竹市,1001802,北　區,湳中里,57190
10018,新竹市,1001802,北　區,興南里,1808
10018,新竹市,1001802,北　區,大鵬里,1916
10018,新竹市,1001802,北　區,長和里,30
10018,新竹市,1001802,北　區,潛園里,2388
10018,新竹市,1001802,北　區,康樂里,53
10018,新竹市,1001802,北　區,古賢里,0
10018,新竹市,1001802,北　區,舊港里,0
10018,新竹市,1001802,北　區,中寮里,0
10018,新竹市,1001802,北　區,金雅里,0
10018,新竹市,1001802,北　區,士林里,2921
10018,新竹市,1001802,北　區,港北里,97
10018,新竹市,1001802,北　區,南勢里,1983
10018,新竹市,1001802,北　區,新民里,20732
10018,新竹市,1001802,北　區,育英里,1185
10018,新竹市,1001802,北　區,北門里,752
10018,新竹市,1001802,北　區,西門里,11955
10018,新竹市,1001802,北　區,崇禮里,23518
10018,新竹市,1001802,北　區,中央里,15364
10018,新竹市,1001802,北　區,中興里,10821
10018,新竹市,1001802,北　區,福林里,38421
10018,新竹市,1001802,北　區,客雅里,46143
10018,新竹市,1001802,北　區,文雅里,87524
10018,新竹市,1001802,北　區,湳雅里,120111
10018,新竹市,1001802,北　區,總計,856093
10018,新竹市,1001803,香山區,頂福里,2905
10018,新竹市,1001803,香山區,香山里,38304
10018,新竹市,1001803,香山區,牛埔里,50756
10018,新竹市,1001803,香山區,東香里,49377
10018,新竹市,1001803,香山區,虎山里,71326
10018,新竹市,1001803,香山區,樹下里,24804
10018,新竹市,1001803,香山區,中埔里,47399
10018,新竹市,1001803,香山區,埔前里,48608
10018,新竹市,1001803,香山區,大庄里,490
10018,新竹市,1001803,香山區,朝山里,444
10018,新竹市,1001803,香山區,內湖里,1107
10018,新竹市,1001803,香山區,南隘里,1088
10018,新竹市,1001803,香山區,港南里,146
10018,新竹市,1001803,香山區,中隘里,1
10018,新竹市,1001803,香山區,海山里,72
10018,新竹市,1001803,香山區,鹽水里,3
10018,新竹市,1001803,香山區,大湖里,52
10018,新竹市,1001803,香山區,南港里,31
10018,新竹市,1001803,香山區,美山里,159
10018,新竹市,1001803,香山區,茄苳里,404
10018,新竹市,1001803,香山區,虎林里,28635
10018,新竹市,1001803,香山區,浸水里,23914
10018,新竹市,1001803,香山區,香村里,46566
10018,新竹市,1001803,香山區,頂埔里,89475
10018,新竹市,1001803,香山區,總計,526066
10020,嘉義市,1002001,東　區,盧厝里,20200
10020,嘉義市,1002001,東　區,安寮里,44184
10020,嘉義市,1002001,東　區,短竹里,6678
10020,嘉義市,1002001,東　區,興村里,48324
10020,嘉義市,1002001,東　區,仁義里,1793
10020,嘉義市,1002001,東　區,荖藤里,17973
10020,嘉義市,1002001,東　區,興仁里,51141
10020,嘉義市,1002001,東　區,太平里,4234
10020,嘉義市,1002001,東　區,宣信里,15272
10020,嘉義市,1002001,東　區,芳草里,4119
10020,嘉義市,1002001,東　區,興安里,31775
10020,嘉義市,1002001,東　區,鹿寮里,37827
10020,嘉義市,1002001,東　區,芳安里,12263
10020,嘉義市,1002001,東　區,豐年里,17564
10020,嘉義市,1002001,東　區,新店里,3442
10020,嘉義市,1002001,東　區,長竹里,65683
10020,嘉義市,1002001,東　區,頂寮里,26119
10020,嘉義市,1002001,東　區,王田里,3235
10020,嘉義市,1002001,東　區,中庄里,15783
10020,嘉義市,1002001,東　區,頂庄里,6
10020,嘉義市,1002001,東　區,後庄里,0
10020,嘉義市,1002001,東　區,過溝里,43112
10020,嘉義市,1002001,東　區,民族里,38138
10020,嘉義市,1002001,東　區,朝陽里,38277
10020,嘉義市,1002001,東　區,華南里,43837
10020,嘉義市,1002001,東　區,東興里,10397
10020,嘉義市,1002001,東　區,中山里,3112
10020,嘉義市,1002001,東　區,中央里,14369
10020,嘉義市,1002001,東　區,林森里,3276
10020,嘉義市,1002001,東　區,北門里,3107
10020,嘉義市,1002001,東　區,蘭潭里,6978
10020,嘉義市,1002001,東　區,文雅里,54152
10020,嘉義市,1002001,東　區,安業里,31062
10020,嘉義市,1002001,東　區,義教里,10512
10020,嘉義市,1002001,東　區,後湖里,1281
10020,嘉義市,1002001,東　區,圳頭里,1145
10020,嘉義市,1002001,東　區,興南里,24350
10020,嘉義市,1002001,東　區,新開里,5445
10020,嘉義市,1002001,東　區,東川里,40448
10020,嘉義市,1002001,東　區,總計,800613
10020,嘉義市,1002002,西　區,保安里,84359
10020,嘉義市,1002002,西　區,福全里,93573
10020,嘉義市,1002002,西　區,致遠里,23817
10020,嘉義市,1002002,西　區,垂楊里,40809
10020,嘉義市,1002002,西　區,竹圍里,108729
10020,嘉義市,1002002,西　區,新西里,27374
10020,嘉義市,1002002,西　區,育英里,26754
10020,嘉義市,1002002,西　區,自強里,16192
10020,嘉義市,1002002,西　區,湖內里,1887
10020,嘉義市,1002002,西　區,西平里,15247
10020,嘉義市,1002002,西　區,美源里,36225
10020,嘉義市,1002002,西　區,光路里,2743
10020,嘉義市,1002002,西　區,下埤里,21913
10020,嘉義市,1002002,西　區,北湖里,43718
10020,嘉義市,1002002,西　區,湖邊里,2212
10020,嘉義市,1002002,西　區,磚磘里,3766
10020,嘉義市,1002002,西　區,北榮里,14
10020,嘉義市,1002002,西　區,新厝里,970
10020,嘉義市,1002002,西　區,香湖里,730
10020,嘉義市,1002002,西　區,竹村里,3903
10020,嘉義市,1002002,西　區,大溪里,0
10020,嘉義市,1002002,西　區,頭港里,90
10020,嘉義市,1002002,西　區,永和里,25439
10020,嘉義市,1002002,西　區,新富里,33496
10020,嘉義市,1002002,西　區,文化里,32730
10020,嘉義市,1002002,西　區,西榮里,49902
10020,嘉義市,1002002,西　區,國華里,4604
10020,嘉義市,1002002,西　區,番社里,2715
10020,嘉義市,1002002,西　區,導明里,19813
10020,嘉義市,1002002,西　區,慶安里,44
10020,嘉義市,1002002,西　區,後驛里,26264
10020,嘉義市,1002002,西　區,福安里,43934
10020,嘉義市,1002002,西　區,獅子里,0
10020,嘉義市,1002002,西　區,紅瓦里,6790
10020,嘉義市,1002002,西　區,保福里,69313
10020,嘉義市,1002002,西　區,保生里,55931
10020,嘉義市,1002002,西　區,北新里,13089
10020,嘉義市,1002002,西　區,福民里,61273
10020,嘉義市,1002002,西　區,翠岱里,0
10020,嘉義市,1002002,西　區,重興里,30854
10020,嘉義市,1002002,西　區,港坪里,5024
10020,嘉義市,1002002,西　區,培元里,18097
10020,嘉義市,1002002,西　區,劉厝里,11505
10020,嘉義市,1002002,西　區,車店里,104294
10020,嘉義市,1002002,西　區,書院里,55758
10020,嘉義市,1002002,西　區,總計,1225894
